0 0.721875 0.769777 0.721875 0.847509 0.728125 0.847509 0.729687 0.849796 0.734375 0.849796 0.735937 0.847509 0.740625 0.847509 0.742188 0.845223 0.74375 0.845223 0.745312 0.842937 0.746875 0.842937 0.748437 0.840651 0.748437 0.838364 0.753125 0.831506 0.757812 0.831506 0.757812 0.788067 0.753125 0.788067 0.748437 0.781208 0.748437 0.769777 0.891617
0 0.384375 0.669182 0.384375 0.708048 0.390625 0.708048 0.395312 0.714907 0.396875 0.714907 0.398438 0.717193 0.4 0.717193 0.401562 0.71948 0.404687 0.71948 0.40625 0.721766 0.407812 0.721766 0.409375 0.724052 0.409375 0.730911 0.45 0.730911 0.45 0.724052 0.453125 0.71948 0.457812 0.71948 0.457812 0.703476 0.453125 0.703476 0.446875 0.694331 0.445312 0.694331 0.44375 0.692045 0.440625 0.692045 0.439062 0.689758 0.435937 0.689758 0.434375 0.687472 0.429687 0.687472 0.428125 0.685186 0.421875 0.685186 0.420312 0.6829 0.415625 0.6829 0.414062 0.680613 0.4125 0.680613 0.409375 0.676041 0.409375 0.669182 0.89122
0 0.659375 0.541152 0.659375 0.575446 0.664062 0.575446 0.667187 0.580019 0.667187 0.582305 0.66875 0.584591 0.66875 0.586877 0.670312 0.589164 0.670312 0.59145 0.675 0.598309 0.675 0.600595 0.676562 0.602881 0.676562 0.605167 0.678125 0.607454 0.678125 0.60974 0.679688 0.612026 0.679688 0.614312 0.684375 0.621171 0.684375 0.630316 0.707812 0.630316 0.707812 0.621171 0.714062 0.612026 0.714062 0.60974 0.71875 0.602881 0.7125 0.593736 0.7125 0.59145 0.709375 0.586877 0.707812 0.586877 0.70625 0.584591 0.704687 0.584591 0.703125 0.582305 0.701562 0.582305 0.7 0.580019 0.698437 0.580019 0.695312 0.575446 0.690625 0.575446 0.68125 0.561729 0.68125 0.557156 0.679688 0.55487 0.679688 0.550297 0.678125 0.548011 0.678125 0.541152 0.88879
0 0.490625 0.193643 0.490625 0.239368 0.496875 0.239368 0.498437 0.241654 0.507812 0.241654 0.509375 0.24394 0.517187 0.24394 0.51875 0.246227 0.521875 0.246227 0.523438 0.248513 0.523438 0.255372 0.53125 0.255372 0.53125 0.246227 0.534375 0.241654 0.539062 0.241654 0.539062 0.214219 0.534375 0.214219 0.525 0.200502 0.525 0.193643 0.886944
0 0.23125 0.541152 0.23125 0.548011 0.228125 0.552584 0.226562 0.552584 0.225 0.55487 0.223438 0.55487 0.221875 0.557156 0.215625 0.557156 0.215625 0.586877 0.220312 0.586877 0.225 0.580019 0.225 0.577732 0.226562 0.575446 0.228125 0.575446 0.23125 0.570874 0.232812 0.570874 0.234375 0.568587 0.246875 0.568587 0.248437 0.570874 0.251562 0.570874 0.253125 0.57316 0.25625 0.57316 0.257812 0.575446 0.259375 0.575446 0.2625 0.580019 0.264062 0.580019 0.265625 0.582305 0.265625 0.584591 0.26875 0.589164 0.26875 0.59145 0.273438 0.598309 0.273438 0.600595 0.276562 0.605167 0.276562 0.607454 0.278125 0.607454 0.2875 0.621171 0.2875 0.630316 0.301562 0.630316 0.301562 0.593736 0.296875 0.593736 0.29375 0.589164 0.29375 0.584591 0.292187 0.582305 0.292187 0.577732 0.285937 0.568587 0.285937 0.566301 0.279687 0.557156 0.279687 0.55487 0.278125 0.55487 0.273438 0.548011 0.273438 0.541152 0.88668
0 0.495312 0.458848 0.495312 0.467993 0.49375 0.470279 0.492188 0.470279 0.490625 0.472565 0.4875 0.472565 0.485938 0.474851 0.478125 0.474851 0.478125 0.495428 0.484375 0.495428 0.485938 0.497714 0.4875 0.497714 0.489062 0.5 0.498437 0.5 0.5 0.502286 0.510937 0.502286 0.5125 0.504573 0.535937 0.504573 0.5375 0.506859 0.539062 0.506859 0.54375 0.513717 0.54375 0.516004 0.545312 0.51829 0.545312 0.520576 0.546875 0.522862 0.548437 0.522862 0.55 0.525149 0.551562 0.525149 0.553125 0.527435 0.565625 0.527435 0.56875 0.522862 0.56875 0.5 0.567187 0.497714 0.567187 0.493141 0.565625 0.490855 0.565625 0.486282 0.5625 0.48171 0.5625 0.479424 0.560937 0.477138 0.560937 0.474851 0.557812 0.470279 0.557812 0.467993 0.55625 0.465706 0.55625 0.458848 0.886659
0 0.2375 0.303383 0.2375 0.312528 0.235937 0.314814 0.235937 0.3171 0.226562 0.330818 0.221875 0.330818 0.221875 0.419981 0.228125 0.419981 0.228125 0.40855 0.229687 0.406264 0.229687 0.403978 0.234375 0.397119 0.234375 0.392546 0.235937 0.39026 0.235937 0.383401 0.2375 0.381115 0.2375 0.378829 0.239063 0.376543 0.239063 0.374256 0.240625 0.37197 0.240625 0.369684 0.242188 0.367398 0.242188 0.365111 0.24375 0.362825 0.24375 0.358253 0.245312 0.355966 0.245312 0.35368 0.246875 0.351394 0.246875 0.349108 0.248437 0.346821 0.248437 0.342249 0.25 0.339963 0.25 0.337676 0.253125 0.333104 0.253125 0.328531 0.254687 0.326245 0.254687 0.3171 0.25625 0.314814 0.25625 0.303383 0.881919
0 0.55625 0.623457 0.55625 0.630316 0.553125 0.634889 0.551562 0.634889 0.548437 0.639461 0.546875 0.639461 0.542187 0.64632 0.540625 0.64632 0.539062 0.648606 0.5375 0.648606 0.534375 0.653179 0.532812 0.653179 0.529687 0.657751 0.528125 0.657751 0.521875 0.666896 0.515625 0.666896 0.515625 0.685186 0.548437 0.685186 0.548437 0.676041 0.55 0.673755 0.551562 0.673755 0.553125 0.671468 0.55625 0.671468 0.557812 0.669182 0.564062 0.669182 0.565625 0.666896 0.567187 0.666896 0.56875 0.66461 0.570312 0.66461 0.58125 0.648606 0.58125 0.64632 0.584375 0.641747 0.589062 0.641747 0.589062 0.623457 0.880451
0 0.414062 0.605167 0.414062 0.614312 0.4125 0.616599 0.410937 0.616599 0.409375 0.618885 0.403125 0.618885 0.403125 0.639461 0.420312 0.639461 0.421875 0.641747 0.43125 0.641747 0.432812 0.644033 0.440625 0.644033 0.442187 0.64632 0.445312 0.64632 0.448437 0.650892 0.448437 0.653179 0.453125 0.660037 0.453125 0.662323 0.454688 0.66461 0.454688 0.676041 0.470313 0.676041 0.470313 0.641747 0.465625 0.641747 0.464062 0.639461 0.464062 0.634889 0.4625 0.632602 0.4625 0.62803 0.460938 0.625744 0.460938 0.621171 0.45625 0.614312 0.45625 0.605167 0.88022
0 0.090625 0.550297 0.090625 0.589164 0.101562 0.589164 0.103125 0.59145 0.109375 0.59145 0.110937 0.593736 0.1125 0.593736 0.114062 0.596022 0.114062 0.602881 0.145312 0.602881 0.145312 0.596022 0.146875 0.593736 0.151562 0.593736 0.151562 0.577732 0.146875 0.577732 0.139062 0.566301 0.1375 0.566301 0.135937 0.564015 0.134375 0.564015 0.132812 0.561729 0.13125 0.561729 0.128125 0.557156 0.128125 0.550297 0.877319
0 0.498437 0.138773 0.498437 0.147918 0.496875 0.150204 0.496875 0.15249 0.492188 0.159349 0.492188 0.161635 0.489062 0.166208 0.484375 0.166208 0.484375 0.209647 0.489062 0.209647 0.489062 0.200502 0.492188 0.195929 0.49375 0.195929 0.498437 0.18907 0.5 0.18907 0.503125 0.184498 0.504687 0.184498 0.50625 0.182212 0.507812 0.182212 0.509375 0.179925 0.5125 0.179925 0.514062 0.177639 0.55625 0.177639 0.557812 0.175353 0.564062 0.175353 0.565625 0.173067 0.567187 0.173067 0.571875 0.166208 0.576562 0.166208 0.576562 0.161635 0.571875 0.161635 0.56875 0.157063 0.567187 0.157063 0.565625 0.154777 0.564062 0.154777 0.560937 0.150204 0.559375 0.150204 0.557812 0.147918 0.557812 0.138773 0.875066
0 0.66875 0.733197 0.66875 0.742342 0.664062 0.749201 0.6625 0.749201 0.657812 0.75606 0.65625 0.75606 0.654687 0.758346 0.651562 0.758346 0.65 0.760632 0.645312 0.760632 0.64375 0.762918 0.642187 0.762918 0.640625 0.765205 0.639062 0.765205 0.634375 0.772063 0.632812 0.772063 0.628125 0.778922 0.621875 0.778922 0.621875 0.804071 0.634375 0.804071 0.635937 0.801785 0.64375 0.801785 0.645312 0.799498 0.648438 0.799498 0.65 0.797212 0.651562 0.797212 0.653125 0.794926 0.65625 0.794926 0.657812 0.79264 0.6625 0.79264 0.664062 0.790353 0.667187 0.790353 0.66875 0.788067 0.670312 0.788067 0.671875 0.785781 0.671875 0.783495 0.673437 0.781208 0.673437 0.778922 0.675 0.776636 0.675 0.77435 0.676562 0.772063 0.676562 0.769777 0.678125 0.767491 0.682812 0.767491 0.682812 0.733197 0.866442
0 0.275 0.120483 0.275 0.131914 0.271875 0.136487 0.271875 0.138773 0.270312 0.141059 0.270312 0.150204 0.26875 0.15249 0.26875 0.154777 0.267187 0.157063 0.267187 0.159349 0.264062 0.163922 0.259375 0.163922 0.259375 0.200502 0.279687 0.200502 0.279687 0.193643 0.282812 0.18907 0.285937 0.18907 0.289062 0.184498 0.289062 0.182212 0.292187 0.177639 0.29375 0.177639 0.298437 0.17078 0.298437 0.168494 0.3 0.166208 0.301562 0.166208 0.303125 0.163922 0.303125 0.161635 0.30625 0.157063 0.30625 0.154777 0.307812 0.15249 0.307812 0.150204 0.309375 0.147918 0.314062 0.147918 0.314062 0.145632 0.309375 0.145632 0.30625 0.141059 0.30625 0.136487 0.304688 0.134201 0.304688 0.131914 0.303125 0.129628 0.303125 0.120483 0.865687
0 0.603125 0.568587 0.603125 0.59145 0.607812 0.59145 0.609375 0.593736 0.610937 0.593736 0.6125 0.596022 0.614062 0.596022 0.615625 0.598309 0.617188 0.598309 0.61875 0.600595 0.620312 0.600595 0.621875 0.602881 0.625 0.602881 0.626562 0.605167 0.635937 0.605167 0.6375 0.607454 0.639062 0.607454 0.645312 0.616599 0.646875 0.616599 0.653125 0.625744 0.653125 0.62803 0.654687 0.630316 0.654687 0.632602 0.65625 0.634889 0.65625 0.64632 0.654687 0.648606 0.654687 0.653179 0.651562 0.657751 0.651562 0.660037 0.653125 0.662323 0.653125 0.66461 0.659375 0.66461 0.6625 0.660037 0.664062 0.660037 0.66875 0.653179 0.66875 0.650892 0.670312 0.648606 0.676562 0.648606 0.676562 0.618885 0.671875 0.618885 0.66875 0.614312 0.66875 0.612026 0.667187 0.60974 0.667187 0.607454 0.664062 0.602881 0.664062 0.598309 0.6625 0.596022 0.6625 0.593736 0.660937 0.59145 0.659375 0.59145 0.648438 0.575446 0.648438 0.568587 0.864501
0 0.284375 0.0930481 0.284375 0.113624 0.289062 0.113624 0.290625 0.115911 0.292187 0.115911 0.29375 0.118197 0.296875 0.118197 0.298437 0.120483 0.3 0.120483 0.303125 0.125056 0.304688 0.125056 0.314062 0.138773 0.314062 0.141059 0.315625 0.141059 0.317187 0.143345 0.31875 0.143345 0.320312 0.145632 0.323437 0.145632 0.325 0.143345 0.33125 0.143345 0.332812 0.141059 0.335938 0.141059 0.3375 0.143345 0.342187 0.143345 0.345312 0.147918 0.345312 0.154777 0.364062 0.154777 0.364062 0.134201 0.359375 0.134201 0.353125 0.125056 0.353125 0.122769 0.346875 0.113624 0.346875 0.111338 0.34375 0.106766 0.342187 0.106766 0.3375 0.0999068 0.3375 0.0930481 0.864159
0 0.195312 0.257658 0.195312 0.285093 0.19375 0.287379 0.19375 0.296524 0.192187 0.29881 0.192187 0.303383 0.189062 0.307955 0.182812 0.307955 0.18125 0.310242 0.171875 0.310242 0.171875 0.342249 0.176562 0.342249 0.185937 0.355966 0.1875 0.355966 0.189062 0.358253 0.190625 0.358253 0.192187 0.360539 0.19375 0.360539 0.195312 0.362825 0.2 0.362825 0.201562 0.365111 0.204687 0.365111 0.20625 0.362825 0.209375 0.362825 0.217187 0.351394 0.217187 0.346821 0.21875 0.344535 0.21875 0.339963 0.220312 0.337676 0.220312 0.328531 0.21875 0.326245 0.21875 0.321673 0.217187 0.319386 0.217187 0.285093 0.215625 0.282807 0.215625 0.278234 0.214062 0.275948 0.214062 0.273662 0.2125 0.271375 0.2125 0.269089 0.210938 0.266803 0.210938 0.257658 0.861524
0 0.785937 0.230223 0.785937 0.239368 0.784375 0.241654 0.782812 0.241654 0.78125 0.24394 0.779687 0.24394 0.776562 0.248513 0.775 0.248513 0.771875 0.253085 0.770312 0.253085 0.767187 0.257658 0.767187 0.259944 0.765625 0.26223 0.764062 0.26223 0.764062 0.264517 0.7625 0.266803 0.7625 0.269089 0.760937 0.271375 0.760937 0.273662 0.757812 0.278234 0.757812 0.28052 0.751562 0.289665 0.746875 0.289665 0.746875 0.3171 0.751562 0.3171 0.753125 0.319386 0.754687 0.319386 0.759375 0.326245 0.7625 0.326245 0.765625 0.330818 0.767187 0.330818 0.770312 0.33539 0.771875 0.33539 0.771875 0.333104 0.775 0.328531 0.776562 0.328531 0.776562 0.326245 0.778125 0.323959 0.778125 0.321673 0.779687 0.319386 0.779687 0.3171 0.78125 0.314814 0.782812 0.314814 0.784375 0.312528 0.784375 0.310242 0.789062 0.303383 0.790625 0.303383 0.796875 0.294238 0.798437 0.294238 0.809375 0.278234 0.814062 0.278234 0.814062 0.230223 0.86053
0 0.567187 0.166208 0.567187 0.173067 0.565625 0.175353 0.564062 0.175353 0.560937 0.179925 0.559375 0.179925 0.548437 0.195929 0.548437 0.198215 0.546875 0.200502 0.540625 0.200502 0.540625 0.205074 0.545312 0.205074 0.546875 0.20736 0.548437 0.20736 0.55 0.209647 0.55625 0.209647 0.557812 0.20736 0.559375 0.20736 0.560937 0.209647 0.578125 0.209647 0.579687 0.20736 0.595312 0.20736 0.596875 0.205074 0.607812 0.205074 0.609375 0.20736 0.6125 0.20736 0.614062 0.209647 0.615625 0.209647 0.617188 0.211933 0.61875 0.211933 0.620312 0.214219 0.623437 0.214219 0.626562 0.218792 0.629687 0.218792 0.63125 0.221078 0.639062 0.221078 0.640625 0.223364 0.645312 0.223364 0.646875 0.221078 0.653125 0.221078 0.654687 0.218792 0.654687 0.216505 0.66875 0.195929 0.66875 0.193643 0.670312 0.191357 0.66875 0.18907 0.66875 0.186784 0.665625 0.182212 0.6625 0.182212 0.660937 0.179925 0.659375 0.179925 0.657812 0.177639 0.65625 0.177639 0.653125 0.173067 0.653125 0.166208 0.852397
0 0.334375 0.687472 0.334375 0.73777 0.340625 0.73777 0.342187 0.740056 0.342187 0.742342 0.351562 0.75606 0.351562 0.758346 0.357812 0.767491 0.359375 0.767491 0.3625 0.772063 0.365625 0.772063 0.367188 0.77435 0.36875 0.77435 0.370312 0.776636 0.371875 0.776636 0.373437 0.778922 0.376562 0.778922 0.378125 0.781208 0.38125 0.781208 0.382812 0.783495 0.384375 0.783495 0.385937 0.785781 0.3875 0.785781 0.389062 0.788067 0.392187 0.788067 0.39375 0.790353 0.401562 0.790353 0.403125 0.79264 0.414062 0.79264 0.415625 0.794926 0.41875 0.794926 0.420312 0.797212 0.425 0.797212 0.426562 0.799498 0.432812 0.799498 0.434375 0.801785 0.4375 0.801785 0.439062 0.804071 0.440625 0.804071 0.442187 0.806357 0.442187 0.813216 0.45 0.813216 0.45 0.801785 0.451562 0.799498 0.451562 0.797212 0.45 0.794926 0.45 0.79264 0.445312 0.785781 0.44375 0.785781 0.442187 0.783495 0.439062 0.783495 0.4375 0.781208 0.434375 0.781208 0.432812 0.778922 0.423437 0.778922 0.421875 0.776636 0.417187 0.776636 0.415625 0.77435 0.414062 0.77435 0.4125 0.772063 0.410937 0.772063 0.409375 0.769777 0.407812 0.769777 0.40625 0.767491 0.403125 0.767491 0.401562 0.765205 0.4 0.765205 0.398438 0.762918 0.396875 0.762918 0.395312 0.760632 0.390625 0.760632 0.389062 0.758346 0.385937 0.758346 0.38125 0.751487 0.379687 0.751487 0.375 0.744628 0.375 0.742342 0.371875 0.73777 0.371875 0.735483 0.370312 0.733197 0.370312 0.730911 0.36875 0.728625 0.36875 0.726338 0.367188 0.724052 0.367188 0.721766 0.364062 0.717193 0.364062 0.714907 0.3625 0.712621 0.3625 0.710335 0.351562 0.694331 0.351562 0.687472 0.851598
0 0.140625 0.513717 0.140625 0.534294 0.146875 0.534294 0.15 0.538866 0.151562 0.538866 0.153125 0.541152 0.154687 0.541152 0.157812 0.545725 0.159375 0.545725 0.160937 0.548011 0.164062 0.548011 0.165625 0.550297 0.16875 0.550297 0.170312 0.552584 0.175 0.552584 0.176562 0.55487 0.18125 0.55487 0.182812 0.557156 0.184375 0.557156 0.185937 0.559442 0.1875 0.559442 0.189062 0.561729 0.190625 0.561729 0.19375 0.566301 0.195312 0.566301 0.196875 0.568587 0.198437 0.568587 0.203125 0.575446 0.203125 0.584591 0.207812 0.584591 0.207812 0.577732 0.215625 0.566301 0.220312 0.566301 0.220312 0.545725 0.214062 0.545725 0.20625 0.534294 0.204687 0.534294 0.203125 0.532007 0.203125 0.529721 0.201562 0.529721 0.198437 0.525149 0.196875 0.525149 0.195312 0.522862 0.195312 0.513717 0.846471
0 0.371875 0.522862 0.371875 0.529721 0.365625 0.538866 0.359375 0.538866 0.359375 0.564015 0.36875 0.564015 0.370312 0.561729 0.371875 0.561729 0.373437 0.559442 0.376562 0.559442 0.378125 0.557156 0.384375 0.557156 0.385937 0.559442 0.390625 0.559442 0.392187 0.561729 0.39375 0.561729 0.395312 0.564015 0.396875 0.564015 0.4 0.568587 0.401562 0.568587 0.404687 0.57316 0.40625 0.57316 0.407812 0.575446 0.409375 0.575446 0.410937 0.577732 0.410937 0.584591 0.417187 0.584591 0.417187 0.577732 0.420312 0.57316 0.421875 0.57316 0.421875 0.570874 0.423437 0.568587 0.423437 0.545725 0.417187 0.53658 0.417187 0.534294 0.415625 0.534294 0.414062 0.532007 0.414062 0.522862 0.840895
2 0.196875 0.376543 0.196875 0.486282 0.203125 0.486282 0.204687 0.488569 0.204687 0.490855 0.20625 0.493141 0.20625 0.495428 0.2125 0.504573 0.2125 0.511431 0.260937 0.511431 0.260937 0.502286 0.265625 0.495428 0.267187 0.495428 0.26875 0.493141 0.270312 0.493141 0.267187 0.493141 0.265625 0.490855 0.264062 0.490855 0.2625 0.493141 0.25 0.493141 0.248437 0.490855 0.24375 0.490855 0.242188 0.488569 0.239063 0.488569 0.2375 0.486282 0.234375 0.486282 0.232812 0.483996 0.228125 0.483996 0.226562 0.48171 0.223438 0.48171 0.221875 0.479424 0.220312 0.479424 0.217187 0.474851 0.217187 0.461134 0.215625 0.458848 0.215625 0.447416 0.214062 0.44513 0.214062 0.42684 0.2125 0.424554 0.2125 0.415409 0.210938 0.413123 0.210938 0.406264 0.209375 0.403978 0.209375 0.376543 0.840043
0 0.578125 0.294238 0.578125 0.323959 0.585938 0.323959 0.590625 0.330818 0.592187 0.330818 0.595312 0.33539 0.598437 0.33539 0.6 0.337676 0.601562 0.337676 0.603125 0.339963 0.603125 0.346821 0.610937 0.346821 0.610937 0.339963 0.6125 0.337676 0.61875 0.337676 0.620312 0.33539 0.628125 0.33539 0.629687 0.333104 0.632812 0.333104 0.634375 0.330818 0.635937 0.330818 0.635937 0.328531 0.6375 0.326245 0.6375 0.3171 0.632812 0.310242 0.632812 0.307955 0.628125 0.301097 0.628125 0.294238 0.839111
0 0.384375 0.184498 0.384375 0.20736 0.389062 0.20736 0.39375 0.214219 0.395312 0.214219 0.398438 0.218792 0.4 0.218792 0.407812 0.230223 0.409375 0.230223 0.417187 0.241654 0.41875 0.241654 0.420312 0.24394 0.425 0.24394 0.426562 0.246227 0.432812 0.246227 0.434375 0.24394 0.4375 0.24394 0.439062 0.241654 0.440625 0.241654 0.442187 0.239368 0.445312 0.239368 0.45 0.232509 0.451562 0.232509 0.453125 0.230223 0.454688 0.230223 0.45625 0.227937 0.457812 0.227937 0.4625 0.221078 0.464062 0.221078 0.465625 0.218792 0.470313 0.218792 0.470313 0.205074 0.464062 0.205074 0.4625 0.202788 0.442187 0.202788 0.440625 0.205074 0.439062 0.205074 0.4375 0.202788 0.432812 0.202788 0.43125 0.200502 0.426562 0.200502 0.425 0.198215 0.421875 0.198215 0.420312 0.195929 0.417187 0.195929 0.414062 0.191357 0.414062 0.184498 0.837166
0 0.734375 0.303383 0.734375 0.355966 0.739062 0.355966 0.740625 0.358253 0.740625 0.360539 0.742188 0.362825 0.742188 0.374256 0.74375 0.376543 0.74375 0.381115 0.745312 0.383401 0.745312 0.392546 0.746875 0.394833 0.746875 0.397119 0.748437 0.399405 0.748437 0.401691 0.75 0.403978 0.75 0.410836 0.759375 0.410836 0.759375 0.401691 0.760937 0.399405 0.7625 0.399405 0.764062 0.397119 0.765625 0.397119 0.76875 0.392546 0.76875 0.39026 0.771875 0.385688 0.776562 0.385688 0.776562 0.35368 0.770312 0.35368 0.76875 0.351394 0.76875 0.349108 0.767187 0.346821 0.767187 0.344535 0.760937 0.33539 0.760937 0.333104 0.745312 0.310242 0.745312 0.303383 0.835779
0 0.540625 0.211933 0.540625 0.241654 0.546875 0.241654 0.548437 0.24394 0.548437 0.255372 0.553125 0.255372 0.554688 0.257658 0.55625 0.257658 0.560937 0.264517 0.5625 0.264517 0.564062 0.266803 0.565625 0.266803 0.567187 0.264517 0.567187 0.26223 0.565625 0.259944 0.565625 0.257658 0.567187 0.255372 0.578125 0.255372 0.579687 0.257658 0.579687 0.264517 0.578125 0.266803 0.578125 0.269089 0.576562 0.271375 0.570312 0.271375 0.570312 0.282807 0.598437 0.282807 0.598437 0.273662 0.601562 0.269089 0.603125 0.269089 0.60625 0.264517 0.607812 0.264517 0.609375 0.26223 0.614062 0.26223 0.615625 0.259944 0.63125 0.259944 0.632812 0.26223 0.646875 0.26223 0.648438 0.259944 0.65 0.259944 0.651562 0.257658 0.654687 0.257658 0.657812 0.253085 0.659375 0.253085 0.660937 0.250799 0.6625 0.250799 0.664062 0.248513 0.670312 0.248513 0.670312 0.239368 0.664062 0.239368 0.6625 0.237082 0.659375 0.237082 0.657812 0.234795 0.65625 0.234795 0.653125 0.230223 0.65 0.230223 0.648438 0.227937 0.64375 0.227937 0.642187 0.22565 0.634375 0.22565 0.632812 0.223364 0.629687 0.223364 0.626562 0.218792 0.626562 0.211933 0.8353
0 0.525 0.614312 0.525 0.621171 0.521875 0.625744 0.51875 0.625744 0.517187 0.62803 0.5125 0.62803 0.510937 0.630316 0.507812 0.630316 0.50625 0.632602 0.504687 0.632602 0.503125 0.634889 0.501563 0.634889 0.5 0.637175 0.496875 0.637175 0.495312 0.639461 0.49375 0.639461 0.492188 0.641747 0.490625 0.641747 0.489062 0.644033 0.4875 0.644033 0.475 0.662323 0.475 0.66461 0.471875 0.669182 0.471875 0.671468 0.46875 0.676041 0.46875 0.678327 0.464062 0.685186 0.459375 0.685186 0.459375 0.712621 0.467187 0.712621 0.467187 0.705762 0.46875 0.703476 0.470313 0.703476 0.471875 0.70119 0.473437 0.70119 0.475 0.698903 0.476562 0.698903 0.478125 0.696617 0.479687 0.696617 0.48125 0.694331 0.482812 0.694331 0.484375 0.692045 0.485938 0.692045 0.4875 0.689758 0.489062 0.689758 0.492188 0.685186 0.49375 0.685186 0.496875 0.680613 0.498437 0.680613 0.503125 0.673755 0.507812 0.673755 0.509375 0.671468 0.5125 0.671468 0.514062 0.669182 0.515625 0.669182 0.517187 0.666896 0.51875 0.666896 0.520312 0.66461 0.521875 0.66461 0.525 0.660037 0.526562 0.660037 0.534375 0.648606 0.535937 0.648606 0.539062 0.644033 0.540625 0.644033 0.542187 0.641747 0.54375 0.641747 0.548437 0.634889 0.55 0.634889 0.551562 0.632602 0.553125 0.632602 0.554688 0.630316 0.557812 0.630316 0.5625 0.623457 0.565625 0.623457 0.567187 0.621171 0.567187 0.614312 0.830561
0 0.303125 0.221078 0.303125 0.291952 0.320312 0.291952 0.320312 0.28052 0.321875 0.278234 0.321875 0.269089 0.323437 0.266803 0.323437 0.26223 0.326562 0.257658 0.326562 0.255372 0.328125 0.253085 0.328125 0.250799 0.329687 0.248513 0.329687 0.246227 0.33125 0.24394 0.33125 0.241654 0.334375 0.237082 0.334375 0.234795 0.339062 0.227937 0.339062 0.221078 0.829779
2 0.276562 0.614312 0.271875 0.614312 0.276562 0.614312 0.279687 0.618885 0.279687 0.623457 0.28125 0.625744 0.28125 0.630316 0.282812 0.632602 0.282812 0.634889 0.284375 0.637175 0.284375 0.639461 0.285937 0.641747 0.285937 0.644033 0.290625 0.650892 0.292187 0.650892 0.29375 0.653179 0.295312 0.653179 0.296875 0.655465 0.298437 0.655465 0.3 0.657751 0.301562 0.657751 0.303125 0.660037 0.304688 0.660037 0.30625 0.662323 0.309375 0.662323 0.314062 0.669182 0.314062 0.676041 0.329687 0.676041 0.329687 0.666896 0.33125 0.66461 0.334375 0.66461 0.335938 0.662323 0.3375 0.662323 0.345312 0.650892 0.346875 0.650892 0.353125 0.641747 0.354687 0.641747 0.365625 0.625744 0.365625 0.623457 0.36875 0.618885 0.36875 0.616599 0.373437 0.60974 0.373437 0.607454 0.375 0.605167 0.375 0.602881 0.379687 0.596022 0.379687 0.593736 0.384375 0.586877 0.384375 0.584591 0.3875 0.580019 0.3875 0.577732 0.389062 0.575446 0.389062 0.568587 0.36875 0.568587 0.36875 0.575446 0.3625 0.584591 0.360937 0.584591 0.357812 0.589164 0.35625 0.589164 0.354687 0.59145 0.353125 0.59145 0.35 0.596022 0.348437 0.596022 0.342187 0.605167 0.340625 0.605167 0.340625 0.607454 0.335938 0.614312 0.335938 0.616599 0.334375 0.618885 0.334375 0.621171 0.332812 0.623457 0.332812 0.625744 0.326562 0.634889 0.325 0.634889 0.323437 0.637175 0.314062 0.637175 0.3125 0.634889 0.307812 0.634889 0.30625 0.632602 0.301562 0.632602 0.3 0.630316 0.295312 0.630316 0.292187 0.625744 0.290625 0.625744 0.2875 0.621171 0.285937 0.621171 0.282812 0.616599 0.28125 0.616599 0.279687 0.618885 0.827306
0 0.578125 0.660037 0.578125 0.696617 0.582812 0.696617 0.5875 0.703476 0.5875 0.710335 0.589062 0.712621 0.589062 0.714907 0.59375 0.721766 0.59375 0.724052 0.598437 0.730911 0.598437 0.740056 0.620312 0.740056 0.620312 0.708048 0.614062 0.708048 0.609375 0.70119 0.609375 0.698903 0.603125 0.689758 0.603125 0.687472 0.596875 0.678327 0.596875 0.676041 0.592187 0.669182 0.592187 0.660037 0.826985
0 0.553125 0.367398 0.553125 0.46342 0.557812 0.46342 0.5625 0.470279 0.5625 0.474851 0.564062 0.477138 0.564062 0.479424 0.565625 0.48171 0.565625 0.483996 0.567187 0.486282 0.567187 0.488569 0.56875 0.490855 0.56875 0.493141 0.570312 0.495428 0.570312 0.5 0.573437 0.504573 0.573437 0.506859 0.576562 0.511431 0.58125 0.511431 0.582812 0.509145 0.589062 0.509145 0.589062 0.449703 0.582812 0.449703 0.578125 0.442844 0.578125 0.440558 0.576562 0.438271 0.575 0.438271 0.573437 0.435985 0.573437 0.433699 0.571875 0.431413 0.571875 0.42684 0.570312 0.424554 0.570312 0.422268 0.565625 0.415409 0.565625 0.406264 0.564062 0.403978 0.564062 0.381115 0.565625 0.378829 0.565625 0.367398 0.823063
0 0.698437 0.705762 0.698437 0.71948 0.7 0.721766 0.7 0.733197 0.698437 0.735483 0.698437 0.742342 0.7 0.744628 0.7 0.75606 0.701562 0.758346 0.701562 0.77435 0.7 0.776636 0.7 0.822361 0.695312 0.82922 0.692187 0.82922 0.690625 0.831506 0.665625 0.831506 0.665625 0.849796 0.670312 0.849796 0.671875 0.852082 0.673437 0.852082 0.675 0.854368 0.676562 0.854368 0.678125 0.856654 0.68125 0.856654 0.684375 0.861227 0.684375 0.868086 0.715625 0.868086 0.715625 0.861227 0.71875 0.856654 0.720312 0.856654 0.725 0.849796 0.725 0.842937 0.726562 0.840651 0.726562 0.813216 0.725 0.810929 0.725 0.801785 0.723437 0.799498 0.723437 0.790353 0.721875 0.788067 0.721875 0.778922 0.720312 0.776636 0.720312 0.77435 0.71875 0.772063 0.71875 0.769777 0.717187 0.767491 0.717187 0.765205 0.715625 0.762918 0.715625 0.760632 0.714062 0.758346 0.714062 0.75606 0.7125 0.753773 0.7125 0.746915 0.710938 0.744628 0.710938 0.705762 0.818913
0 0.721875 0.596022 0.721875 0.602881 0.726562 0.602881 0.726562 0.596022 0.721875 0.596022 0.710938 0.550297 0.7125 0.548011 0.714062 0.548011 0.714062 0.545725 0.7125 0.543439 0.7125 0.53658 0.710938 0.534294 0.710938 0.532007 0.709375 0.529721 0.709375 0.527435 0.701562 0.516004 0.698437 0.516004 0.696875 0.513717 0.695312 0.513717 0.69375 0.511431 0.690625 0.511431 0.689062 0.509145 0.6875 0.509145 0.685937 0.506859 0.684375 0.506859 0.679688 0.5 0.678125 0.5 0.673437 0.493141 0.673437 0.486282 0.648438 0.486282 0.648438 0.495428 0.646875 0.497714 0.645312 0.497714 0.639062 0.506859 0.634375 0.506859 0.634375 0.559442 0.639062 0.559442 0.646875 0.570874 0.648438 0.570874 0.651562 0.575446 0.651562 0.577732 0.654687 0.577732 0.65625 0.575446 0.65625 0.57316 0.657812 0.570874 0.657812 0.566301 0.65625 0.564015 0.65625 0.557156 0.654687 0.55487 0.654687 0.538866 0.65625 0.53658 0.65625 0.534294 0.657812 0.532007 0.66875 0.532007 0.670312 0.534294 0.673437 0.534294 0.675 0.53658 0.679688 0.53658 0.68125 0.538866 0.685937 0.538866 0.6875 0.541152 0.692187 0.541152 0.69375 0.543439 0.696875 0.543439 0.698437 0.545725 0.7 0.545725 0.701562 0.548011 0.70625 0.548011 0.707812 0.550297 0.710938 0.550297 0.816863
0 0.565625 0.330818 0.565625 0.365111 0.571875 0.365111 0.575 0.369684 0.576562 0.369684 0.578125 0.37197 0.579687 0.37197 0.582812 0.376543 0.582812 0.383401 0.6125 0.383401 0.6125 0.376543 0.615625 0.37197 0.617188 0.37197 0.61875 0.369684 0.61875 0.362825 0.617188 0.360539 0.617188 0.358253 0.615625 0.355966 0.6125 0.355966 0.610937 0.35368 0.60625 0.35368 0.604687 0.351394 0.603125 0.351394 0.601562 0.349108 0.6 0.349108 0.592187 0.337676 0.592187 0.330818 0.815837
0 0.270312 0.239368 0.270312 0.248513 0.264062 0.257658 0.259375 0.257658 0.259375 0.333104 0.264062 0.333104 0.265625 0.33539 0.267187 0.33539 0.270312 0.339963 0.270312 0.346821 0.271875 0.346821 0.271875 0.339963 0.276562 0.333104 0.276562 0.330818 0.282812 0.321673 0.282812 0.319386 0.2875 0.312528 0.2875 0.310242 0.285937 0.307955 0.285937 0.305669 0.284375 0.303383 0.284375 0.301097 0.28125 0.296524 0.28125 0.282807 0.285937 0.275948 0.2875 0.275948 0.289062 0.273662 0.290625 0.273662 0.292187 0.271375 0.29375 0.271375 0.295312 0.269089 0.295312 0.264517 0.296875 0.26223 0.296875 0.257658 0.298437 0.255372 0.298437 0.250799 0.3 0.248513 0.3 0.239368 0.815546
0 0.448437 0.129628 0.448437 0.136487 0.445312 0.141059 0.442187 0.141059 0.440625 0.143345 0.435937 0.143345 0.434375 0.145632 0.428125 0.145632 0.428125 0.163922 0.44375 0.163922 0.445312 0.166208 0.445312 0.173067 0.471875 0.173067 0.471875 0.166208 0.473437 0.163922 0.475 0.163922 0.476562 0.161635 0.48125 0.161635 0.482812 0.159349 0.489062 0.159349 0.495312 0.150204 0.496875 0.150204 0.496875 0.147918 0.5 0.143345 0.5 0.141059 0.501563 0.138773 0.501563 0.129628 0.809157
0 0.715625 0.678327 0.715625 0.70119 0.720312 0.70119 0.721875 0.703476 0.721875 0.705762 0.720312 0.708048 0.715625 0.708048 0.715625 0.776636 0.7375 0.776636 0.7375 0.769777 0.742188 0.762918 0.742188 0.758346 0.74375 0.75606 0.74375 0.751487 0.745312 0.749201 0.745312 0.746915 0.746875 0.744628 0.751562 0.744628 0.751562 0.717193 0.746875 0.717193 0.74375 0.712621 0.74375 0.710335 0.742188 0.708048 0.742188 0.705762 0.740625 0.703476 0.740625 0.698903 0.739062 0.696617 0.739062 0.689758 0.7375 0.687472 0.7375 0.678327 0.808739
0 0.357812 0.632602 0.357812 0.641747 0.35625 0.644033 0.354687 0.644033 0.353125 0.64632 0.351562 0.64632 0.34375 0.657751 0.342187 0.657751 0.335938 0.666896 0.332812 0.666896 0.33125 0.669182 0.329687 0.669182 0.329687 0.676041 0.351562 0.676041 0.353125 0.673755 0.354687 0.673755 0.35625 0.671468 0.360937 0.671468 0.3625 0.669182 0.367188 0.669182 0.36875 0.666896 0.378125 0.666896 0.379687 0.669182 0.384375 0.669182 0.385937 0.671468 0.4 0.671468 0.401562 0.673755 0.404687 0.673755 0.40625 0.676041 0.407812 0.676041 0.409375 0.678327 0.410937 0.678327 0.4125 0.680613 0.414062 0.680613 0.415625 0.6829 0.426562 0.6829 0.428125 0.685186 0.434375 0.685186 0.435937 0.687472 0.435937 0.694331 0.454688 0.694331 0.454688 0.687472 0.459375 0.680613 0.464062 0.680613 0.464062 0.669182 0.457812 0.669182 0.448437 0.655465 0.448437 0.653179 0.446875 0.653179 0.445312 0.650892 0.442187 0.650892 0.440625 0.648606 0.43125 0.648606 0.429687 0.64632 0.423437 0.64632 0.421875 0.644033 0.414062 0.644033 0.4125 0.641747 0.410937 0.641747 0.409375 0.639461 0.409375 0.632602 0.804134
0 0.728125 0.431413 0.728125 0.474851 0.732812 0.474851 0.7375 0.48171 0.7375 0.483996 0.740625 0.488569 0.740625 0.490855 0.742188 0.493141 0.742188 0.513717 0.740625 0.516004 0.740625 0.520576 0.739062 0.522862 0.739062 0.525149 0.7375 0.527435 0.7375 0.532007 0.735937 0.534294 0.735937 0.53658 0.732812 0.541152 0.728125 0.541152 0.728125 0.570874 0.732812 0.570874 0.734375 0.568587 0.735937 0.568587 0.739062 0.564015 0.740625 0.564015 0.742188 0.561729 0.742188 0.559442 0.74375 0.557156 0.74375 0.55487 0.746875 0.550297 0.746875 0.548011 0.754687 0.53658 0.754687 0.534294 0.75625 0.532007 0.75625 0.529721 0.759375 0.525149 0.759375 0.522862 0.760937 0.520576 0.760937 0.516004 0.7625 0.513717 0.7625 0.504573 0.764062 0.502286 0.764062 0.493141 0.7625 0.490855 0.7625 0.483996 0.760937 0.48171 0.760937 0.474851 0.754687 0.465706 0.754687 0.46342 0.751562 0.458848 0.751562 0.456561 0.75 0.454275 0.748437 0.454275 0.739062 0.440558 0.739062 0.431413 0.802029
0 0.653125 0.808643 0.628125 0.808643 0.626562 0.810929 0.621875 0.810929 0.620312 0.813216 0.614062 0.813216 0.6125 0.810929 0.607812 0.810929 0.60625 0.808643 0.6 0.808643 0.595312 0.815502 0.590625 0.815502 0.590625 0.833792 0.596875 0.833792 0.603125 0.842937 0.604687 0.842937 0.60625 0.845223 0.609375 0.845223 0.610937 0.847509 0.645312 0.847509 0.646875 0.845223 0.65 0.845223 0.651562 0.842937 0.654687 0.842937 0.65625 0.840651 0.657812 0.840651 0.659375 0.838364 0.660937 0.838364 0.665625 0.831506 0.667187 0.831506 0.667187 0.82922 0.66875 0.826933 0.670312 0.826933 0.671875 0.824647 0.676562 0.824647 0.676562 0.817788 0.670312 0.817788 0.66875 0.815502 0.664062 0.815502 0.6625 0.813216 0.659375 0.813216 0.657812 0.810929 0.654687 0.810929 0.653125 0.808643 0.676562 0.760632 0.676562 0.769777 0.65 0.760632 0.65 0.769777 0.646875 0.77435 0.646875 0.776636 0.640625 0.776636 0.639062 0.77435 0.639062 0.769777 0.6375 0.767491 0.6375 0.760632 0.620312 0.760632 0.6 0.760632 0.6 0.772063 0.598437 0.77435 0.596875 0.77435 0.595312 0.776636 0.590625 0.776636 0.590625 0.788067 0.596875 0.788067 0.598437 0.790353 0.601562 0.790353 0.603125 0.79264 0.604687 0.790353 0.607812 0.790353 0.6125 0.783495 0.6125 0.781208 0.620312 0.769777 0.620312 0.760632 0.6375 0.760632 0.65 0.760632 0.676562 0.769777 0.664062 0.769777 0.664062 0.760632 0.676562 0.760632 0.800203
0 0.251562 0.349108 0.251562 0.355966 0.25 0.358253 0.25 0.376543 0.251562 0.378829 0.251562 0.387974 0.25 0.39026 0.25 0.394833 0.248437 0.397119 0.248437 0.401691 0.246875 0.403978 0.246875 0.40855 0.245312 0.410836 0.245312 0.413123 0.24375 0.415409 0.24375 0.417695 0.242188 0.419981 0.242188 0.422268 0.240625 0.424554 0.240625 0.42684 0.235937 0.433699 0.228125 0.433699 0.228125 0.46342 0.234375 0.46342 0.235937 0.465706 0.245312 0.465706 0.246875 0.46342 0.248437 0.46342 0.251562 0.458848 0.251562 0.456561 0.254687 0.451989 0.254687 0.447416 0.25625 0.44513 0.25625 0.442844 0.257812 0.440558 0.257812 0.438271 0.260937 0.433699 0.260937 0.429126 0.2625 0.42684 0.2625 0.424554 0.265625 0.419981 0.270312 0.419981 0.270312 0.383401 0.265625 0.383401 0.264062 0.381115 0.264062 0.378829 0.2625 0.376543 0.2625 0.365111 0.260937 0.362825 0.260937 0.358253 0.259375 0.355966 0.259375 0.349108 0.798138
0 0.734375 0.211933 0.734375 0.250799 0.740625 0.250799 0.745312 0.257658 0.745312 0.264517 0.757812 0.264517 0.757812 0.257658 0.7625 0.250799 0.764062 0.250799 0.765625 0.248513 0.767187 0.248513 0.76875 0.246227 0.770312 0.246227 0.771875 0.24394 0.773438 0.24394 0.775 0.241654 0.778125 0.241654 0.779687 0.239368 0.782812 0.239368 0.784375 0.237082 0.785937 0.237082 0.785937 0.234795 0.789062 0.230223 0.782812 0.221078 0.782812 0.211933 0.797476
0 0.215625 0.248513 0.215625 0.326245 0.228125 0.326245 0.232812 0.319386 0.232812 0.3171 0.239063 0.307955 0.245312 0.307955 0.245312 0.275948 0.240625 0.275948 0.235937 0.269089 0.235937 0.266803 0.234375 0.264517 0.234375 0.26223 0.229687 0.255372 0.229687 0.248513 0.797077
0 0.40625 0.257658 0.40625 0.264517 0.398438 0.275948 0.398438 0.278234 0.395312 0.282807 0.390625 0.282807 0.390625 0.310242 0.403125 0.310242 0.404687 0.312528 0.404687 0.319386 0.4125 0.319386 0.4125 0.312528 0.414062 0.310242 0.415625 0.310242 0.417187 0.307955 0.41875 0.307955 0.425 0.29881 0.425 0.296524 0.426562 0.294238 0.426562 0.291952 0.428125 0.289665 0.428125 0.287379 0.429687 0.285093 0.429687 0.257658 0.796115
0 0.2 0.678327 0.2 0.687472 0.190625 0.70119 0.184375 0.70119 0.184375 0.733197 0.19375 0.733197 0.195312 0.735483 0.203125 0.735483 0.204687 0.73777 0.207812 0.73777 0.209375 0.740056 0.210938 0.740056 0.2125 0.742342 0.2125 0.749201 0.225 0.749201 0.225 0.742342 0.228125 0.73777 0.229687 0.73777 0.2375 0.726338 0.2375 0.724052 0.239063 0.721766 0.245312 0.721766 0.245312 0.696617 0.240625 0.696617 0.2375 0.692045 0.235937 0.692045 0.23125 0.685186 0.23125 0.678327 0.790807
0 0.457812 0.221078 0.457812 0.227937 0.453125 0.234795 0.451562 0.234795 0.45 0.237082 0.448437 0.237082 0.44375 0.24394 0.442187 0.24394 0.440625 0.246227 0.439062 0.246227 0.432812 0.255372 0.428125 0.255372 0.428125 0.301097 0.434375 0.301097 0.434375 0.291952 0.435937 0.289665 0.435937 0.285093 0.439062 0.28052 0.439062 0.278234 0.442187 0.273662 0.442187 0.271375 0.45 0.259944 0.451562 0.259944 0.453125 0.257658 0.454688 0.257658 0.45625 0.255372 0.46875 0.255372 0.470313 0.257658 0.473437 0.257658 0.475 0.259944 0.476562 0.259944 0.478125 0.26223 0.479687 0.26223 0.48125 0.264517 0.482812 0.264517 0.490625 0.275948 0.492188 0.275948 0.49375 0.273662 0.501563 0.273662 0.501563 0.24394 0.496875 0.24394 0.49375 0.239368 0.49375 0.237082 0.490625 0.232509 0.490625 0.230223 0.489062 0.227937 0.489062 0.221078 0.788804
0 0.532812 0.559442 0.532812 0.568587 0.53125 0.570874 0.529687 0.570874 0.528125 0.57316 0.526562 0.57316 0.525 0.575446 0.523438 0.575446 0.520312 0.580019 0.501563 0.580019 0.5 0.582305 0.495312 0.582305 0.49375 0.584591 0.490625 0.584591 0.489062 0.586877 0.4875 0.586877 0.485938 0.589164 0.482812 0.589164 0.48125 0.59145 0.479687 0.59145 0.478125 0.593736 0.471875 0.593736 0.470313 0.596022 0.465625 0.596022 0.465625 0.612026 0.471875 0.612026 0.473437 0.614312 0.476562 0.614312 0.478125 0.616599 0.482812 0.616599 0.484375 0.618885 0.5125 0.618885 0.514062 0.616599 0.525 0.616599 0.526562 0.614312 0.529687 0.614312 0.53125 0.612026 0.534375 0.612026 0.535937 0.60974 0.5375 0.60974 0.539062 0.607454 0.540625 0.607454 0.54375 0.602881 0.545312 0.602881 0.546875 0.600595 0.548437 0.600595 0.55 0.598309 0.551562 0.598309 0.553125 0.596022 0.567187 0.596022 0.56875 0.593736 0.579687 0.593736 0.58125 0.59145 0.589062 0.59145 0.589062 0.575446 0.582812 0.575446 0.578125 0.568587 0.578125 0.559442 0.773104
0 0.665625 0.440558 0.665625 0.488569 0.671875 0.488569 0.676562 0.495428 0.678125 0.495428 0.684375 0.504573 0.6875 0.504573 0.689062 0.506859 0.690625 0.506859 0.692187 0.509145 0.69375 0.509145 0.696875 0.513717 0.696875 0.520576 0.696875 0.513717 0.698437 0.511431 0.7 0.511431 0.701562 0.509145 0.707812 0.509145 0.707812 0.495428 0.701562 0.495428 0.7 0.493141 0.7 0.490855 0.698437 0.488569 0.698437 0.483996 0.69375 0.477138 0.69375 0.474851 0.692187 0.472565 0.692187 0.470279 0.690625 0.467993 0.690625 0.465706 0.689062 0.465706 0.685937 0.461134 0.685937 0.458848 0.684375 0.456561 0.684375 0.454275 0.682812 0.454275 0.68125 0.451989 0.678125 0.451989 0.675 0.447416 0.675 0.440558 0.770192
0 0.246875 0.221078 0.242188 0.227937 0.242188 0.237082 0.251562 0.237082 0.251562 0.221078 0.246875 0.221078 0.242188 0.195929 0.24375 0.193643 0.245312 0.193643 0.246875 0.191357 0.251562 0.191357 0.246875 0.191357 0.245312 0.18907 0.245312 0.175353 0.176562 0.175353 0.176562 0.182212 0.175 0.184498 0.173437 0.184498 0.171875 0.186784 0.170312 0.186784 0.16875 0.18907 0.167187 0.18907 0.165625 0.191357 0.164062 0.191357 0.160937 0.195929 0.159375 0.195929 0.151562 0.20736 0.146875 0.20736 0.146875 0.237082 0.15625 0.237082 0.15625 0.230223 0.159375 0.22565 0.165625 0.22565 0.167187 0.223364 0.18125 0.223364 0.182812 0.221078 0.19375 0.221078 0.195312 0.218792 0.207812 0.218792 0.209375 0.216505 0.215625 0.216505 0.217187 0.214219 0.21875 0.214219 0.220312 0.211933 0.221875 0.211933 0.226562 0.205074 0.229687 0.205074 0.232812 0.200502 0.234375 0.200502 0.235937 0.198215 0.2375 0.198215 0.239063 0.195929 0.242188 0.195929 0.768699
0 0.46875 0.431413 0.46875 0.438271 0.465625 0.442844 0.464062 0.442844 0.457812 0.451989 0.453125 0.451989 0.453125 0.493141 0.467187 0.493141 0.467187 0.486282 0.470313 0.48171 0.471875 0.48171 0.473437 0.479424 0.475 0.479424 0.476562 0.477138 0.478125 0.477138 0.48125 0.472565 0.482812 0.472565 0.484375 0.470279 0.4875 0.470279 0.489062 0.467993 0.492188 0.467993 0.49375 0.465706 0.495312 0.465706 0.496875 0.46342 0.498437 0.46342 0.5 0.461134 0.501563 0.461134 0.503125 0.458848 0.50625 0.458848 0.507812 0.456561 0.509375 0.456561 0.510937 0.454275 0.5125 0.454275 0.514062 0.451989 0.517187 0.451989 0.51875 0.449703 0.526562 0.449703 0.526562 0.431413 0.767608
0 0.742188 0.586877 0.742188 0.593736 0.739062 0.598309 0.7375 0.598309 0.734375 0.602881 0.734375 0.605167 0.73125 0.60974 0.73125 0.612026 0.726562 0.618885 0.726562 0.621171 0.725 0.623457 0.725 0.625744 0.721875 0.630316 0.721875 0.632602 0.717187 0.639461 0.717187 0.641747 0.7125 0.648606 0.7125 0.650892 0.707812 0.657751 0.703125 0.657751 0.703125 0.685186 0.714062 0.685186 0.714062 0.678327 0.715625 0.676041 0.717187 0.676041 0.71875 0.673755 0.720312 0.673755 0.721875 0.671468 0.725 0.671468 0.728125 0.666896 0.729687 0.666896 0.732812 0.662323 0.732812 0.660037 0.7375 0.653179 0.7375 0.650892 0.742188 0.644033 0.742188 0.641747 0.74375 0.639461 0.74375 0.637175 0.75 0.62803 0.75 0.625744 0.753125 0.621171 0.757812 0.621171 0.757812 0.586877 0.764517
0 0.382812 0.440558 0.382812 0.454275 0.38125 0.456561 0.38125 0.461134 0.378125 0.465706 0.378125 0.467993 0.375 0.472565 0.375 0.474851 0.3625 0.493141 0.3625 0.495428 0.351562 0.511431 0.346875 0.511431 0.346875 0.55487 0.351562 0.55487 0.354687 0.550297 0.354687 0.548011 0.357812 0.543439 0.359375 0.543439 0.364062 0.53658 0.365625 0.53658 0.371875 0.527435 0.373437 0.527435 0.38125 0.516004 0.38125 0.513717 0.3875 0.504573 0.3875 0.502286 0.389062 0.5 0.389062 0.497714 0.390625 0.495428 0.390625 0.493141 0.392187 0.490855 0.392187 0.488569 0.39375 0.486282 0.39375 0.465706 0.395312 0.46342 0.395312 0.440558 0.764319
0 0.365625 0.669182 0.365625 0.724052 0.370312 0.724052 0.373437 0.728625 0.373437 0.733197 0.375 0.735483 0.375 0.73777 0.385937 0.753773 0.3875 0.753773 0.389062 0.75606 0.392187 0.75606 0.39375 0.758346 0.396875 0.758346 0.398438 0.760632 0.401562 0.760632 0.403125 0.762918 0.404687 0.762918 0.407812 0.767491 0.409375 0.767491 0.410937 0.769777 0.414062 0.769777 0.415625 0.772063 0.420312 0.772063 0.421875 0.77435 0.425 0.77435 0.426562 0.776636 0.428125 0.776636 0.429687 0.778922 0.429687 0.785781 0.445312 0.785781 0.445312 0.778922 0.448437 0.77435 0.45 0.77435 0.453125 0.769777 0.457812 0.769777 0.453125 0.769777 0.445312 0.758346 0.44375 0.758346 0.442187 0.75606 0.440625 0.75606 0.435937 0.749201 0.434375 0.749201 0.43125 0.744628 0.429687 0.744628 0.426562 0.740056 0.423437 0.740056 0.421875 0.73777 0.4125 0.73777 0.410937 0.735483 0.403125 0.735483 0.401562 0.733197 0.4 0.733197 0.395312 0.726338 0.39375 0.726338 0.3875 0.717193 0.3875 0.714907 0.385937 0.712621 0.385937 0.710335 0.384375 0.708048 0.384375 0.705762 0.382812 0.703476 0.382812 0.696617 0.38125 0.694331 0.38125 0.669182 0.761369
0 0.28125 0.751487 0.28125 0.758346 0.295312 0.758346 0.295312 0.746915 0.289062 0.746915 0.2875 0.749201 0.284375 0.749201 0.282812 0.751487 0.28125 0.751487 0.275 0.744628 0.275 0.742342 0.276562 0.740056 0.278125 0.740056 0.279687 0.73777 0.282812 0.73777 0.284375 0.735483 0.2875 0.735483 0.290625 0.730911 0.295312 0.730911 0.295312 0.705762 0.271875 0.705762 0.271875 0.712621 0.26875 0.717193 0.267187 0.717193 0.264062 0.721766 0.2625 0.721766 0.260937 0.724052 0.254687 0.724052 0.253125 0.726338 0.251562 0.726338 0.25 0.724052 0.245312 0.724052 0.24375 0.726338 0.240625 0.726338 0.239063 0.728625 0.234375 0.728625 0.234375 0.758346 0.25625 0.758346 0.25625 0.751487 0.257812 0.749201 0.2625 0.749201 0.264062 0.746915 0.26875 0.746915 0.270312 0.744628 0.275 0.744628 0.759461
0 0.184375 0.568587 0.184375 0.596022 0.190625 0.596022 0.192187 0.598309 0.19375 0.598309 0.198437 0.605167 0.2 0.605167 0.203125 0.60974 0.204687 0.60974 0.20625 0.612026 0.207812 0.612026 0.209375 0.614312 0.210938 0.614312 0.214062 0.618885 0.215625 0.618885 0.21875 0.623457 0.220312 0.623457 0.221875 0.625744 0.223438 0.625744 0.226562 0.630316 0.226562 0.639461 0.245312 0.639461 0.245312 0.614312 0.240625 0.614312 0.234375 0.605167 0.234375 0.602881 0.232812 0.602881 0.23125 0.600595 0.228125 0.600595 0.226562 0.598309 0.223438 0.598309 0.220312 0.593736 0.21875 0.593736 0.215625 0.589164 0.214062 0.589164 0.209375 0.582305 0.207812 0.582305 0.20625 0.580019 0.204687 0.580019 0.201562 0.575446 0.201562 0.568587 0.757454
1 0.498437 0.248513 0.498437 0.266803 0.496875 0.269089 0.496875 0.271375 0.495312 0.273662 0.490625 0.273662 0.490625 0.337676 0.495312 0.337676 0.496875 0.339963 0.498437 0.339963 0.501563 0.344535 0.504687 0.344535 0.50625 0.346821 0.5125 0.346821 0.514062 0.349108 0.515625 0.346821 0.520312 0.346821 0.525 0.35368 0.525 0.360539 0.520312 0.367398 0.520312 0.369684 0.525 0.376543 0.525 0.383401 0.526562 0.383401 0.526562 0.376543 0.528125 0.374256 0.528125 0.367398 0.53125 0.362825 0.532812 0.362825 0.534375 0.360539 0.535937 0.360539 0.540625 0.35368 0.551562 0.35368 0.553125 0.355966 0.554688 0.355966 0.55625 0.358253 0.55625 0.362825 0.554688 0.365111 0.557812 0.369684 0.560937 0.369684 0.5625 0.367398 0.564062 0.367398 0.565625 0.365111 0.565625 0.360539 0.564062 0.358253 0.564062 0.346821 0.575 0.330818 0.576562 0.330818 0.578125 0.328531 0.582812 0.328531 0.582812 0.3171 0.578125 0.3171 0.576562 0.314814 0.576562 0.312528 0.575 0.310242 0.576562 0.307955 0.576562 0.29881 0.578125 0.296524 0.582812 0.296524 0.582812 0.291952 0.578125 0.291952 0.576562 0.289665 0.576562 0.285093 0.575 0.282807 0.573437 0.282807 0.567187 0.273662 0.565625 0.273662 0.564062 0.271375 0.5625 0.271375 0.557812 0.264517 0.55625 0.264517 0.554688 0.26223 0.553125 0.26223 0.551562 0.259944 0.55 0.259944 0.546875 0.255372 0.546875 0.248513 0.755376
0 0.371875 0.147918 0.371875 0.166208 0.376562 0.166208 0.382812 0.175353 0.385937 0.175353 0.3875 0.177639 0.390625 0.177639 0.392187 0.179925 0.39375 0.179925 0.395312 0.182212 0.396875 0.182212 0.398438 0.184498 0.403125 0.184498 0.404687 0.186784 0.40625 0.186784 0.407812 0.18907 0.409375 0.18907 0.410937 0.191357 0.414062 0.191357 0.415625 0.193643 0.421875 0.193643 0.423437 0.195929 0.428125 0.195929 0.429687 0.198215 0.43125 0.198215 0.434375 0.202788 0.434375 0.209647 0.44375 0.209647 0.44375 0.202788 0.445312 0.200502 0.446875 0.200502 0.448437 0.198215 0.454688 0.198215 0.45625 0.195929 0.4625 0.195929 0.464062 0.193643 0.467187 0.193643 0.46875 0.191357 0.470313 0.191357 0.478125 0.179925 0.482812 0.179925 0.482812 0.17078 0.478125 0.17078 0.476562 0.168494 0.41875 0.168494 0.417187 0.166208 0.414062 0.166208 0.4125 0.163922 0.410937 0.163922 0.409375 0.161635 0.404687 0.161635 0.403125 0.159349 0.4 0.159349 0.396875 0.154777 0.396875 0.147918 0.751767
0 0.503125 0.687472 0.503125 0.714907 0.509375 0.714907 0.510937 0.712621 0.526562 0.712621 0.528125 0.714907 0.53125 0.714907 0.532812 0.717193 0.535937 0.717193 0.5375 0.71948 0.545312 0.71948 0.546875 0.721766 0.55 0.721766 0.551562 0.724052 0.553125 0.724052 0.554688 0.726338 0.55625 0.726338 0.565625 0.740056 0.565625 0.742342 0.573437 0.753773 0.573437 0.75606 0.579687 0.765205 0.579687 0.767491 0.58125 0.769777 0.58125 0.772063 0.582812 0.77435 0.582812 0.776636 0.584375 0.778922 0.584375 0.785781 0.585938 0.788067 0.585938 0.794926 0.590625 0.794926 0.590625 0.783495 0.592187 0.781208 0.592187 0.776636 0.59375 0.77435 0.59375 0.767491 0.592187 0.765205 0.592187 0.758346 0.590625 0.75606 0.590625 0.751487 0.5875 0.746915 0.5875 0.744628 0.585938 0.742342 0.585938 0.73777 0.584375 0.735483 0.584375 0.733197 0.58125 0.728625 0.58125 0.726338 0.579687 0.724052 0.579687 0.721766 0.578125 0.71948 0.578125 0.717193 0.571875 0.708048 0.571875 0.705762 0.570312 0.703476 0.56875 0.703476 0.565625 0.698903 0.565625 0.696617 0.564062 0.694331 0.564062 0.687472 0.746237
0 0.465625 0.751487 0.465625 0.781208 0.471875 0.781208 0.475 0.785781 0.476562 0.785781 0.478125 0.788067 0.478125 0.790353 0.482812 0.797212 0.482812 0.804071 0.515625 0.804071 0.515625 0.797212 0.51875 0.79264 0.521875 0.79264 0.523438 0.790353 0.525 0.790353 0.526562 0.788067 0.548437 0.788067 0.55 0.790353 0.564062 0.790353 0.567187 0.785781 0.56875 0.785781 0.571875 0.781208 0.576562 0.781208 0.578125 0.778922 0.582812 0.778922 0.582812 0.776636 0.578125 0.776636 0.575 0.772063 0.575 0.769777 0.573437 0.767491 0.570312 0.767491 0.56875 0.765205 0.567187 0.765205 0.565625 0.762918 0.55 0.762918 0.548437 0.760632 0.548437 0.751487 0.745
0 0.615625 0.266803 0.615625 0.287379 0.621875 0.287379 0.626562 0.294238 0.628125 0.294238 0.63125 0.29881 0.63125 0.301097 0.632812 0.303383 0.632812 0.305669 0.64375 0.321673 0.64375 0.328531 0.654687 0.328531 0.654687 0.319386 0.65625 0.3171 0.65625 0.305669 0.654687 0.303383 0.654687 0.29881 0.653125 0.296524 0.653125 0.291952 0.642187 0.275948 0.642187 0.266803 0.737187
0 0.109375 0.458848 0.109375 0.55487 0.115625 0.55487 0.117188 0.557156 0.123438 0.557156 0.125 0.559442 0.125 0.566301 0.132812 0.566301 0.132812 0.493141 0.128125 0.493141 0.126562 0.490855 0.126562 0.488569 0.125 0.486282 0.125 0.458848 0.733959
0 0.164062 0.596022 0.164062 0.602881 0.160937 0.607454 0.159375 0.607454 0.157812 0.60974 0.15625 0.60974 0.154687 0.612026 0.153125 0.612026 0.148438 0.618885 0.146875 0.618885 0.145312 0.621171 0.14375 0.621171 0.142187 0.623457 0.140625 0.623457 0.132812 0.634889 0.128125 0.634889 0.128125 0.669182 0.1375 0.669182 0.140625 0.66461 0.140625 0.660037 0.142187 0.657751 0.142187 0.655465 0.14375 0.653179 0.14375 0.650892 0.146875 0.64632 0.148438 0.64632 0.153125 0.639461 0.154687 0.639461 0.15625 0.637175 0.165625 0.637175 0.167187 0.634889 0.178125 0.634889 0.179688 0.637175 0.182812 0.637175 0.1875 0.644033 0.189062 0.644033 0.190625 0.64632 0.195312 0.64632 0.196875 0.648606 0.198437 0.648606 0.2 0.650892 0.201562 0.650892 0.203125 0.653179 0.204687 0.653179 0.20625 0.655465 0.207812 0.655465 0.210938 0.660037 0.210938 0.662323 0.220312 0.676041 0.223438 0.676041 0.225 0.678327 0.229687 0.678327 0.234375 0.685186 0.234375 0.694331 0.253125 0.694331 0.253125 0.687472 0.25625 0.6829 0.257812 0.6829 0.259375 0.680613 0.265625 0.680613 0.26875 0.676041 0.26875 0.673755 0.276562 0.662323 0.282812 0.662323 0.282812 0.641747 0.267187 0.641747 0.265625 0.639461 0.240625 0.639461 0.239063 0.637175 0.2375 0.639461 0.232812 0.639461 0.226562 0.630316 0.225 0.630316 0.223438 0.62803 0.221875 0.62803 0.217187 0.621171 0.215625 0.621171 0.214062 0.618885 0.2125 0.618885 0.209375 0.614312 0.207812 0.614312 0.204687 0.60974 0.203125 0.60974 0.201562 0.607454 0.2 0.607454 0.196875 0.602881 0.196875 0.596022 0.732017
0 0.690625 0.673755 0.689062 0.676041 0.6875 0.676041 0.682812 0.6829 0.682812 0.685186 0.676562 0.694331 0.675 0.694331 0.671875 0.698903 0.670312 0.698903 0.667187 0.703476 0.665625 0.703476 0.664062 0.705762 0.664062 0.708048 0.651562 0.726338 0.648438 0.726338 0.646875 0.728625 0.645312 0.728625 0.64375 0.730911 0.642187 0.730911 0.640625 0.733197 0.629687 0.733197 0.628125 0.735483 0.620312 0.735483 0.61875 0.73777 0.614062 0.73777 0.6125 0.740056 0.607812 0.740056 0.60625 0.742342 0.604687 0.742342 0.603125 0.744628 0.596875 0.744628 0.596875 0.753773 0.604687 0.753773 0.60625 0.75606 0.610937 0.75606 0.6125 0.758346 0.615625 0.758346 0.617188 0.760632 0.617188 0.767491 0.65 0.767491 0.65 0.760632 0.653125 0.75606 0.654687 0.75606 0.657812 0.751487 0.659375 0.751487 0.670312 0.735483 0.671875 0.735483 0.673437 0.733197 0.675 0.733197 0.676562 0.730911 0.676562 0.728625 0.684375 0.717193 0.684375 0.714907 0.685937 0.712621 0.685937 0.710335 0.690625 0.703476 0.690625 0.698903 0.692187 0.696617 0.692187 0.689758 0.69375 0.687472 0.69375 0.6829 0.692187 0.680613 0.692187 0.676041 0.725422
0 0.290625 0.431413 0.290625 0.451989 0.298437 0.451989 0.3 0.454275 0.301562 0.454275 0.303125 0.456561 0.310937 0.456561 0.3125 0.458848 0.317187 0.458848 0.31875 0.461134 0.321875 0.461134 0.328125 0.470279 0.328125 0.472565 0.332812 0.479424 0.334375 0.479424 0.339062 0.472565 0.345312 0.472565 0.345312 0.442844 0.340625 0.442844 0.3375 0.438271 0.3375 0.431413 0.724911
0 0.44375 0.431413 0.44375 0.438271 0.442187 0.440558 0.442187 0.442844 0.439062 0.447416 0.434375 0.447416 0.434375 0.479424 0.440625 0.479424 0.442187 0.477138 0.442187 0.474851 0.445312 0.470279 0.446875 0.470279 0.451562 0.46342 0.451562 0.461134 0.454688 0.456561 0.454688 0.454275 0.457812 0.449703 0.459375 0.449703 0.459375 0.447416 0.465625 0.438271 0.465625 0.431413 0.704281
0 0.596875 0.806357 0.596875 0.842937 0.604687 0.842937 0.60625 0.845223 0.609375 0.845223 0.610937 0.847509 0.626562 0.847509 0.628125 0.849796 0.629687 0.847509 0.645312 0.847509 0.646875 0.845223 0.65 0.845223 0.651562 0.842937 0.654687 0.842937 0.65625 0.840651 0.657812 0.840651 0.659375 0.838364 0.660937 0.838364 0.664062 0.833792 0.665625 0.833792 0.671875 0.824647 0.676562 0.824647 0.676562 0.815502 0.664062 0.815502 0.6625 0.813216 0.660937 0.813216 0.659375 0.810929 0.654687 0.810929 0.653125 0.808643 0.64375 0.808643 0.642187 0.806357 0.634375 0.806357 0.632812 0.808643 0.626562 0.808643 0.625 0.810929 0.610937 0.810929 0.609375 0.808643 0.604687 0.808643 0.603125 0.806357 0.702336
0 0.145312 0.221078 0.145312 0.227937 0.14375 0.230223 0.14375 0.232509 0.134375 0.246227 0.128125 0.246227 0.128125 0.282807 0.178125 0.282807 0.178125 0.275948 0.18125 0.271375 0.182812 0.271375 0.184375 0.269089 0.185937 0.269089 0.189062 0.264517 0.190625 0.264517 0.195312 0.257658 0.196875 0.257658 0.198437 0.255372 0.2 0.255372 0.201562 0.253085 0.207812 0.253085 0.209375 0.250799 0.210938 0.250799 0.2125 0.248513 0.214062 0.248513 0.215625 0.246227 0.217187 0.246227 0.217187 0.24394 0.220312 0.239368 0.220312 0.237082 0.214062 0.227937 0.214062 0.221078 0.696214
0 0.278125 0.431413 0.278125 0.440558 0.279687 0.442844 0.279687 0.447416 0.278125 0.449703 0.271875 0.449703 0.271875 0.470279 0.278125 0.470279 0.279687 0.472565 0.28125 0.472565 0.284375 0.477138 0.285937 0.477138 0.2875 0.479424 0.295312 0.479424 0.296875 0.477138 0.320312 0.477138 0.321875 0.479424 0.329687 0.479424 0.33125 0.48171 0.334375 0.48171 0.335938 0.479424 0.335938 0.477138 0.339062 0.472565 0.345312 0.472565 0.345312 0.442844 0.339062 0.442844 0.3375 0.440558 0.3375 0.431413 0.29375 0.431413 0.29375 0.440558 0.292187 0.442844 0.2875 0.442844 0.284375 0.438271 0.284375 0.431413 0.694029
0 0.353125 0.102193 0.353125 0.127342 0.357812 0.127342 0.359375 0.129628 0.360937 0.129628 0.365625 0.136487 0.36875 0.136487 0.370312 0.138773 0.371875 0.138773 0.373437 0.141059 0.375 0.141059 0.376562 0.143345 0.379687 0.143345 0.382812 0.147918 0.382812 0.154777 0.392187 0.154777 0.392187 0.147918 0.403125 0.131914 0.407812 0.131914 0.407812 0.111338 0.403125 0.111338 0.401562 0.109052 0.401562 0.102193 0.692152
0 0.128125 0.678327 0.128125 0.705762 0.135937 0.705762 0.1375 0.708048 0.140625 0.708048 0.142187 0.710335 0.14375 0.710335 0.145312 0.712621 0.146875 0.712621 0.15 0.717193 0.151562 0.717193 0.154687 0.721766 0.15625 0.721766 0.157812 0.724052 0.164062 0.724052 0.165625 0.726338 0.171875 0.726338 0.173437 0.728625 0.176562 0.728625 0.178125 0.730911 0.182812 0.730911 0.184375 0.733197 0.19375 0.733197 0.195312 0.735483 0.201562 0.735483 0.203125 0.73777 0.207812 0.73777 0.210938 0.742342 0.210938 0.749201 0.226562 0.749201 0.226562 0.742342 0.23125 0.735483 0.232812 0.735483 0.234375 0.733197 0.234375 0.730911 0.240625 0.721766 0.245312 0.721766 0.245312 0.696617 0.240625 0.696617 0.235937 0.689758 0.234375 0.689758 0.23125 0.685186 0.23125 0.678327 0.198437 0.678327 0.198437 0.687472 0.19375 0.694331 0.19375 0.696617 0.192187 0.698903 0.190625 0.698903 0.189062 0.70119 0.182812 0.70119 0.179688 0.696617 0.179688 0.694331 0.175 0.687472 0.175 0.678327 0.68946
0 0.273438 0.486282 0.273438 0.493141 0.26875 0.5 0.267187 0.5 0.2625 0.506859 0.260937 0.506859 0.257812 0.511431 0.25625 0.511431 0.254687 0.513717 0.240625 0.513717 0.240625 0.541152 0.246875 0.541152 0.248437 0.538866 0.2625 0.538866 0.264062 0.53658 0.26875 0.53658 0.270312 0.534294 0.28125 0.534294 0.282812 0.53658 0.285937 0.532007 0.2875 0.532007 0.289062 0.529721 0.290625 0.529721 0.292187 0.527435 0.29375 0.527435 0.296875 0.522862 0.298437 0.522862 0.3 0.520576 0.303125 0.520576 0.304688 0.51829 0.323437 0.51829 0.325 0.520576 0.326562 0.520576 0.33125 0.527435 0.33125 0.529721 0.332812 0.532007 0.332812 0.534294 0.334375 0.53658 0.334375 0.538866 0.3375 0.543439 0.340625 0.543439 0.340625 0.529721 0.342187 0.527435 0.342187 0.509145 0.340625 0.506859 0.340625 0.504573 0.3375 0.5 0.3375 0.497714 0.335938 0.495428 0.335938 0.486282 0.689018
0 0.278125 0.376543 0.278125 0.387974 0.276562 0.39026 0.276562 0.392546 0.273438 0.397119 0.273438 0.399405 0.271875 0.401691 0.271875 0.403978 0.270312 0.406264 0.26875 0.406264 0.265625 0.410836 0.265625 0.413123 0.264062 0.415409 0.259375 0.415409 0.259375 0.440558 0.265625 0.440558 0.267187 0.442844 0.282812 0.442844 0.290625 0.431413 0.290625 0.429126 0.292187 0.42684 0.292187 0.424554 0.29375 0.422268 0.29375 0.417695 0.296875 0.413123 0.301562 0.413123 0.301562 0.387974 0.296875 0.387974 0.295312 0.385688 0.295312 0.376543 0.678267
0 0.678125 0.230223 0.678125 0.291952 0.684375 0.291952 0.684375 0.285093 0.692187 0.273662 0.692187 0.266803 0.695312 0.26223 0.703125 0.26223 0.704687 0.264517 0.709375 0.264517 0.710938 0.26223 0.710938 0.257658 0.7125 0.255372 0.710938 0.253085 0.710938 0.230223 0.653869
0 0.146875 0.403978 0.146875 0.454275 0.151562 0.454275 0.157812 0.46342 0.159375 0.46342 0.160937 0.465706 0.164062 0.465706 0.165625 0.467993 0.167187 0.467993 0.16875 0.470279 0.173437 0.470279 0.175 0.472565 0.176562 0.472565 0.178125 0.474851 0.182812 0.474851 0.182812 0.44513 0.178125 0.44513 0.175 0.440558 0.175 0.438271 0.171875 0.433699 0.171875 0.431413 0.167187 0.424554 0.167187 0.422268 0.159375 0.410836 0.159375 0.403978 0.652569
0 0.146875 0.467993 0.146875 0.520576 0.1625 0.520576 0.1625 0.513717 0.165625 0.509145 0.16875 0.509145 0.170312 0.506859 0.176562 0.506859 0.178125 0.504573 0.18125 0.504573 0.182812 0.502286 0.182812 0.495428 0.18125 0.493141 0.18125 0.490855 0.179688 0.488569 0.179688 0.483996 0.178125 0.48171 0.178125 0.467993 0.649313
0 0.240625 0.109052 0.239063 0.111338 0.234375 0.111338 0.232812 0.113624 0.226562 0.113624 0.225 0.115911 0.221875 0.115911 0.220312 0.118197 0.21875 0.118197 0.215625 0.122769 0.214062 0.122769 0.2125 0.125056 0.210938 0.125056 0.20625 0.131914 0.204687 0.131914 0.201562 0.136487 0.201562 0.138773 0.184375 0.163922 0.178125 0.163922 0.178125 0.191357 0.184375 0.191357 0.184375 0.184498 0.189062 0.177639 0.190625 0.177639 0.192187 0.175353 0.19375 0.175353 0.195312 0.173067 0.196875 0.173067 0.2 0.168494 0.201562 0.168494 0.203125 0.166208 0.207812 0.166208 0.209375 0.163922 0.210938 0.163922 0.2125 0.161635 0.220312 0.161635 0.221875 0.159349 0.226562 0.159349 0.228125 0.157063 0.228125 0.154777 0.239063 0.138773 0.240625 0.138773 0.24375 0.134201 0.24375 0.131914 0.25 0.122769 0.25 0.109052 0.648423
0 0.271875 0.449703 0.271875 0.470279 0.278125 0.470279 0.279687 0.472565 0.28125 0.472565 0.285937 0.479424 0.320312 0.479424 0.321875 0.48171 0.326562 0.48171 0.328125 0.483996 0.329687 0.48171 0.33125 0.48171 0.33125 0.479424 0.332812 0.477138 0.33125 0.474851 0.33125 0.472565 0.329687 0.470279 0.329687 0.465706 0.323437 0.456561 0.323437 0.449703 0.640609
0 0.304688 0.157063 0.304688 0.163922 0.3 0.17078 0.3 0.173067 0.29375 0.182212 0.29375 0.184498 0.292187 0.186784 0.292187 0.18907 0.2875 0.195929 0.2875 0.198215 0.285937 0.200502 0.285937 0.202788 0.278125 0.214219 0.271875 0.214219 0.271875 0.246227 0.278125 0.246227 0.278125 0.239368 0.28125 0.234795 0.282812 0.234795 0.284375 0.232509 0.285937 0.232509 0.2875 0.230223 0.289062 0.230223 0.290625 0.227937 0.29375 0.227937 0.3 0.218792 0.301562 0.218792 0.30625 0.211933 0.30625 0.209647 0.307812 0.20736 0.307812 0.202788 0.310937 0.198215 0.310937 0.195929 0.317187 0.186784 0.31875 0.186784 0.321875 0.182212 0.325 0.182212 0.326562 0.179925 0.340625 0.179925 0.342187 0.182212 0.348437 0.182212 0.35 0.184498 0.353125 0.184498 0.354687 0.186784 0.359375 0.186784 0.360937 0.18907 0.364062 0.18907 0.365625 0.191357 0.370312 0.191357 0.376562 0.182212 0.376562 0.175353 0.375 0.173067 0.373437 0.173067 0.36875 0.166208 0.36875 0.157063 0.638953
0 0.1625 0.596022 0.1625 0.602881 0.159375 0.607454 0.157812 0.607454 0.15625 0.60974 0.154687 0.60974 0.15 0.616599 0.148438 0.616599 0.146875 0.618885 0.145312 0.618885 0.14375 0.621171 0.142187 0.621171 0.132812 0.634889 0.128125 0.634889 0.128125 0.676041 0.1375 0.676041 0.1375 0.669182 0.139062 0.666896 0.139062 0.66461 0.140625 0.662323 0.140625 0.660037 0.142187 0.657751 0.142187 0.655465 0.151562 0.641747 0.153125 0.641747 0.154687 0.639461 0.15625 0.639461 0.157812 0.637175 0.182812 0.637175 0.1875 0.644033 0.189062 0.644033 0.190625 0.64632 0.19375 0.64632 0.195312 0.648606 0.198437 0.648606 0.2 0.650892 0.203125 0.650892 0.204687 0.653179 0.20625 0.653179 0.207812 0.655465 0.209375 0.655465 0.214062 0.662323 0.214062 0.666896 0.215625 0.669182 0.215625 0.676041 0.245312 0.676041 0.245312 0.639461 0.232812 0.639461 0.23125 0.637175 0.229687 0.637175 0.225 0.630316 0.223438 0.630316 0.220312 0.625744 0.21875 0.625744 0.214062 0.618885 0.2125 0.618885 0.209375 0.614312 0.207812 0.614312 0.204687 0.60974 0.203125 0.60974 0.201562 0.607454 0.2 0.607454 0.196875 0.602881 0.196875 0.596022 0.628767
0 0.696875 0.275948 0.696875 0.35368 0.701562 0.35368 0.703125 0.355966 0.703125 0.360539 0.704687 0.362825 0.704687 0.367398 0.70625 0.369684 0.70625 0.37197 0.707812 0.374256 0.707812 0.383401 0.714062 0.383401 0.714062 0.374256 0.715625 0.37197 0.715625 0.360539 0.717187 0.358253 0.717187 0.339963 0.71875 0.337676 0.71875 0.328531 0.720312 0.326245 0.720312 0.323959 0.721875 0.321673 0.726562 0.321673 0.726562 0.307955 0.721875 0.307955 0.720312 0.305669 0.720312 0.301097 0.71875 0.29881 0.71875 0.287379 0.717187 0.285093 0.717187 0.275948 0.587666
1 0.779687 0.385688 0.779687 0.401691 0.778125 0.403978 0.778125 0.40855 0.776562 0.410836 0.776562 0.415409 0.775 0.417695 0.775 0.424554 0.773438 0.42684 0.773438 0.44513 0.775 0.447416 0.773438 0.449703 0.773438 0.461134 0.771875 0.46342 0.771875 0.470279 0.770312 0.472565 0.770312 0.486282 0.76875 0.488569 0.76875 0.51829 0.767187 0.520576 0.767187 0.529721 0.765625 0.532007 0.765625 0.53658 0.764062 0.538866 0.759375 0.538866 0.759375 0.593736 0.765625 0.593736 0.767187 0.596022 0.767187 0.602881 0.782812 0.602881 0.782812 0.593736 0.784375 0.59145 0.784375 0.584591 0.785937 0.582305 0.785937 0.561729 0.7875 0.559442 0.7875 0.550297 0.789062 0.548011 0.789062 0.545725 0.790625 0.543439 0.790625 0.53658 0.792187 0.534294 0.792187 0.522862 0.79375 0.520576 0.79375 0.509145 0.795312 0.506859 0.795312 0.495428 0.796875 0.493141 0.796875 0.472565 0.798437 0.470279 0.798437 0.449703 0.8 0.447416 0.8 0.435985 0.801562 0.433699 0.801562 0.431413 0.803125 0.429126 0.807812 0.429126 0.807812 0.385688 0.576236
0 0.376562 0.291952 0.373437 0.296524 0.371875 0.296524 0.36875 0.301097 0.367188 0.301097 0.365625 0.303383 0.365625 0.310242 0.389062 0.310242 0.389062 0.29881 0.382812 0.29881 0.378125 0.291952 0.376562 0.291952 0.371875 0.271375 0.375 0.266803 0.375 0.257658 0.373437 0.255372 0.373437 0.253085 0.36875 0.246227 0.36875 0.24394 0.365625 0.239368 0.365625 0.230223 0.335938 0.230223 0.335938 0.239368 0.33125 0.246227 0.33125 0.248513 0.329687 0.250799 0.329687 0.253085 0.328125 0.255372 0.321875 0.255372 0.321875 0.287379 0.33125 0.287379 0.332812 0.285093 0.342187 0.285093 0.34375 0.282807 0.34375 0.273662 0.346875 0.269089 0.367188 0.269089 0.36875 0.271375 0.371875 0.271375 0.547071
2 0.584375 0.623457 0.584375 0.650892 0.589062 0.650892 0.592187 0.655465 0.592187 0.657751 0.59375 0.660037 0.59375 0.662323 0.595312 0.66461 0.595312 0.666896 0.598437 0.671468 0.598437 0.673755 0.6 0.676041 0.6 0.678327 0.603125 0.6829 0.603125 0.685186 0.609375 0.694331 0.609375 0.696617 0.614062 0.703476 0.614062 0.705762 0.621875 0.717193 0.623437 0.717193 0.625 0.71948 0.63125 0.71948 0.632812 0.721766 0.635937 0.721766 0.6375 0.724052 0.6375 0.730911 0.65 0.730911 0.65 0.724052 0.653125 0.71948 0.654687 0.71948 0.667187 0.70119 0.66875 0.70119 0.671875 0.696617 0.673437 0.696617 0.675 0.694331 0.678125 0.694331 0.679688 0.692045 0.68125 0.692045 0.684375 0.687472 0.695312 0.687472 0.695312 0.676041 0.689062 0.676041 0.6875 0.673755 0.676562 0.673755 0.675 0.676041 0.671875 0.676041 0.670312 0.678327 0.667187 0.678327 0.665625 0.680613 0.6625 0.680613 0.660937 0.6829 0.659375 0.6829 0.657812 0.685186 0.654687 0.685186 0.653125 0.687472 0.648438 0.687472 0.646875 0.689758 0.640625 0.689758 0.639062 0.687472 0.6375 0.687472 0.635937 0.685186 0.635937 0.6829 0.634375 0.680613 0.634375 0.678327 0.629687 0.671468 0.629687 0.669182 0.626562 0.66461 0.625 0.66461 0.61875 0.655465 0.617188 0.655465 0.607812 0.641747 0.607812 0.639461 0.604687 0.634889 0.604687 0.632602 0.603125 0.630316 0.603125 0.623457 0.530621
0 0.395312 0.195929 0.401562 0.195929 0.401562 0.184498 0.39375 0.184498 0.39375 0.193643 0.395312 0.195929 0.385937 0.209647 0.384375 0.209647 0.38125 0.205074 0.379687 0.205074 0.376562 0.200502 0.375 0.200502 0.371875 0.195929 0.36875 0.195929 0.365625 0.191357 0.365625 0.184498 0.309375 0.184498 0.309375 0.209647 0.31875 0.209647 0.320312 0.20736 0.332812 0.20736 0.334375 0.209647 0.342187 0.209647 0.34375 0.211933 0.346875 0.211933 0.348437 0.214219 0.351562 0.214219 0.354687 0.218792 0.357812 0.218792 0.359375 0.221078 0.360937 0.221078 0.3625 0.223364 0.364062 0.223364 0.365625 0.22565 0.36875 0.22565 0.370312 0.227937 0.371875 0.227937 0.373437 0.230223 0.385937 0.230223 0.392187 0.221078 0.392187 0.216505 0.390625 0.216505 0.385937 0.209647 0.528952
0 0.409375 0.513717 0.409375 0.527435 0.420312 0.527435 0.429687 0.541152 0.429687 0.543439 0.442187 0.561729 0.442187 0.564015 0.44375 0.566301 0.44375 0.568587 0.439062 0.575446 0.4375 0.575446 0.435937 0.577732 0.434375 0.577732 0.432812 0.580019 0.429687 0.580019 0.428125 0.582305 0.426562 0.582305 0.425 0.584591 0.425 0.593736 0.428125 0.598309 0.45625 0.598309 0.457812 0.596022 0.459375 0.596022 0.460938 0.593736 0.4625 0.593736 0.464062 0.59145 0.465625 0.59145 0.46875 0.586877 0.46875 0.582305 0.471875 0.577732 0.476562 0.577732 0.476562 0.550297 0.471875 0.550297 0.467187 0.543439 0.467187 0.541152 0.464062 0.53658 0.4625 0.53658 0.457812 0.529721 0.45625 0.529721 0.454688 0.527435 0.451562 0.527435 0.45 0.525149 0.448437 0.525149 0.445312 0.520576 0.445312 0.513717 0.525696
0 0.270312 0.0930481 0.270312 0.102193 0.26875 0.104479 0.26875 0.106766 0.264062 0.113624 0.264062 0.115911 0.251562 0.134201 0.25 0.134201 0.246875 0.138773 0.240625 0.138773 0.240625 0.173067 0.254687 0.173067 0.254687 0.163922 0.25625 0.161635 0.257812 0.161635 0.265625 0.150204 0.265625 0.147918 0.267187 0.145632 0.267187 0.143345 0.26875 0.141059 0.26875 0.138773 0.270312 0.136487 0.270312 0.134201 0.271875 0.131914 0.271875 0.125056 0.276562 0.118197 0.276562 0.115911 0.278125 0.113624 0.278125 0.104479 0.279687 0.102193 0.279687 0.0930481 0.522909
0 0.132812 0.303383 0.132812 0.312528 0.129687 0.3171 0.128125 0.3171 0.126562 0.319386 0.121875 0.319386 0.121875 0.385688 0.134375 0.385688 0.135937 0.383401 0.134375 0.381115 0.134375 0.376543 0.132812 0.374256 0.132812 0.351394 0.139062 0.342249 0.140625 0.342249 0.14375 0.346821 0.14375 0.351394 0.145312 0.35368 0.145312 0.362825 0.146875 0.365111 0.146875 0.367398 0.148438 0.369684 0.148438 0.374256 0.15 0.376543 0.15 0.378829 0.151562 0.381115 0.151562 0.383401 0.153125 0.385688 0.153125 0.387974 0.15625 0.392546 0.15625 0.394833 0.159375 0.399405 0.159375 0.401691 0.164062 0.40855 0.164062 0.410836 0.165625 0.413123 0.165625 0.419981 0.165625 0.413123 0.16875 0.40855 0.16875 0.383401 0.167187 0.381115 0.167187 0.367398 0.165625 0.365111 0.165625 0.355966 0.164062 0.35368 0.164062 0.349108 0.1625 0.346821 0.1625 0.339963 0.160937 0.337676 0.160937 0.333104 0.159375 0.330818 0.159375 0.323959 0.157812 0.321673 0.157812 0.319386 0.154687 0.314814 0.154687 0.303383 0.52048
0 0.678125 0.271375 0.678125 0.278234 0.682812 0.278234 0.684375 0.275948 0.684375 0.273662 0.679688 0.273662 0.678125 0.271375 0.673437 0.230223 0.675 0.227937 0.676562 0.227937 0.682812 0.218792 0.7 0.218792 0.701562 0.216505 0.709375 0.216505 0.710938 0.218792 0.7125 0.218792 0.717187 0.22565 0.717187 0.227937 0.71875 0.230223 0.71875 0.234795 0.720312 0.237082 0.720312 0.266803 0.721875 0.269089 0.721875 0.294238 0.723437 0.296524 0.723437 0.303383 0.725 0.305669 0.725 0.307955 0.726562 0.310242 0.726562 0.312528 0.728125 0.310242 0.728125 0.305669 0.729687 0.303383 0.729687 0.29881 0.73125 0.296524 0.73125 0.282807 0.732812 0.28052 0.732812 0.278234 0.734375 0.275948 0.739062 0.275948 0.739062 0.20736 0.732812 0.20736 0.73125 0.205074 0.73125 0.202788 0.729687 0.200502 0.729687 0.193643 0.665625 0.193643 0.665625 0.230223 0.673437 0.230223 0.518483
0 0.565625 0.367398 0.565625 0.422268 0.570312 0.422268 0.573437 0.42684 0.573437 0.429126 0.575 0.431413 0.575 0.433699 0.585938 0.449703 0.585938 0.451989 0.601562 0.474851 0.603125 0.474851 0.604687 0.477138 0.60625 0.477138 0.607812 0.479424 0.610937 0.479424 0.6125 0.48171 0.614062 0.48171 0.617188 0.486282 0.617188 0.493141 0.632812 0.493141 0.632812 0.486282 0.63125 0.483996 0.63125 0.474851 0.629687 0.472565 0.629687 0.467993 0.625 0.461134 0.623437 0.461134 0.621875 0.458848 0.620312 0.458848 0.61875 0.456561 0.614062 0.456561 0.610937 0.451989 0.609375 0.451989 0.6 0.438271 0.598437 0.438271 0.5875 0.422268 0.5875 0.419981 0.585938 0.417695 0.585938 0.413123 0.584375 0.410836 0.584375 0.394833 0.582812 0.392546 0.582812 0.383401 0.58125 0.381115 0.58125 0.376543 0.579687 0.374256 0.579687 0.367398 0.516103
0 0.59375 0.513717 0.59375 0.520576 0.590625 0.525149 0.585938 0.525149 0.584375 0.527435 0.576562 0.527435 0.575 0.529721 0.567187 0.529721 0.565625 0.532007 0.545312 0.532007 0.54375 0.529721 0.542187 0.529721 0.540625 0.527435 0.534375 0.527435 0.534375 0.548011 0.540625 0.548011 0.542187 0.550297 0.548437 0.550297 0.55 0.552584 0.565625 0.552584 0.567187 0.55487 0.575 0.55487 0.578125 0.559442 0.578125 0.566301 0.620312 0.566301 0.620312 0.559442 0.625 0.552584 0.626562 0.552584 0.629687 0.548011 0.629687 0.545725 0.63125 0.543439 0.63125 0.541152 0.632812 0.538866 0.632812 0.53658 0.634375 0.534294 0.639062 0.534294 0.639062 0.513717 0.515387
0 0.29375 0.733197 0.29375 0.744628 0.290625 0.749201 0.290625 0.751487 0.295312 0.758346 0.301562 0.758346 0.303125 0.760632 0.315625 0.760632 0.317187 0.762918 0.320312 0.762918 0.321875 0.765205 0.323437 0.765205 0.326562 0.769777 0.326562 0.776636 0.357812 0.776636 0.357812 0.762918 0.353125 0.762918 0.346875 0.753773 0.346875 0.751487 0.345312 0.749201 0.34375 0.749201 0.342187 0.746915 0.339062 0.746915 0.3375 0.744628 0.332812 0.744628 0.329687 0.740056 0.329687 0.733197 0.50803
0 0.1875 0.403978 0.1875 0.413123 0.182812 0.419981 0.178125 0.419981 0.178125 0.497714 0.182812 0.497714 0.189062 0.506859 0.192187 0.506859 0.19375 0.509145 0.196875 0.509145 0.198437 0.506859 0.201562 0.506859 0.203125 0.504573 0.20625 0.504573 0.20625 0.5 0.204687 0.497714 0.204687 0.495428 0.203125 0.493141 0.203125 0.490855 0.198437 0.483996 0.198437 0.48171 0.196875 0.479424 0.196875 0.403978 0.484823
0 0.5125 0.376543 0.5125 0.385688 0.510937 0.387974 0.509375 0.387974 0.50625 0.392546 0.504687 0.392546 0.501563 0.397119 0.5 0.397119 0.496875 0.401691 0.495312 0.401691 0.490625 0.40855 0.489062 0.40855 0.4875 0.410836 0.485938 0.410836 0.479687 0.419981 0.471875 0.419981 0.471875 0.429126 0.482812 0.429126 0.484375 0.431413 0.5 0.431413 0.501563 0.429126 0.503125 0.429126 0.504687 0.431413 0.53125 0.431413 0.532812 0.429126 0.539062 0.429126 0.540625 0.42684 0.542187 0.42684 0.545312 0.422268 0.545312 0.419981 0.54375 0.417695 0.54375 0.410836 0.542187 0.40855 0.542187 0.399405 0.540625 0.397119 0.540625 0.39026 0.539062 0.387974 0.539062 0.376543 0.463275
0 0.671875 0.403978 0.671875 0.410836 0.670312 0.413123 0.665625 0.413123 0.665625 0.440558 0.671875 0.440558 0.673437 0.442844 0.69375 0.442844 0.695312 0.440558 0.698437 0.440558 0.7 0.438271 0.701562 0.438271 0.703125 0.435985 0.704687 0.435985 0.70625 0.433699 0.707812 0.433699 0.709375 0.431413 0.710938 0.431413 0.714062 0.42684 0.715625 0.42684 0.71875 0.422268 0.71875 0.417695 0.717187 0.415409 0.717187 0.403978 0.441614
2 0.646875 0.376543 0.646875 0.383401 0.635937 0.399405 0.635937 0.401691 0.632812 0.406264 0.628125 0.406264 0.628125 0.479424 0.632812 0.479424 0.635937 0.483996 0.635937 0.488569 0.639062 0.493141 0.639062 0.495428 0.645312 0.495428 0.65 0.488569 0.65 0.474851 0.651562 0.472565 0.651562 0.458848 0.653125 0.456561 0.653125 0.447416 0.651562 0.44513 0.651562 0.438271 0.65 0.435985 0.65 0.422268 0.653125 0.417695 0.654687 0.417695 0.657812 0.413123 0.660937 0.413123 0.6625 0.410836 0.667187 0.410836 0.66875 0.40855 0.671875 0.40855 0.673437 0.406264 0.676562 0.406264 0.678125 0.403978 0.68125 0.403978 0.682812 0.401691 0.692187 0.401691 0.69375 0.399405 0.698437 0.399405 0.7 0.397119 0.703125 0.397119 0.704687 0.394833 0.704687 0.392546 0.7 0.385688 0.7 0.376543 0.432456
0 0.221875 0.202788 0.221875 0.237082 0.257812 0.237082 0.257812 0.214219 0.251562 0.214219 0.25 0.211933 0.25 0.202788 0.392578
0 0.46875 0.724052 0.46875 0.730911 0.464062 0.73777 0.459375 0.73777 0.459375 0.767491 0.467187 0.767491 0.467187 0.760632 0.470313 0.75606 0.471875 0.75606 0.473437 0.753773 0.475 0.753773 0.476562 0.751487 0.479687 0.751487 0.48125 0.749201 0.485938 0.749201 0.4875 0.751487 0.492188 0.751487 0.49375 0.753773 0.507812 0.753773 0.509375 0.751487 0.521875 0.751487 0.523438 0.749201 0.526562 0.749201 0.528125 0.746915 0.534375 0.746915 0.535937 0.749201 0.5375 0.749201 0.539062 0.751487 0.542187 0.751487 0.54375 0.753773 0.564062 0.753773 0.564062 0.740056 0.557812 0.740056 0.55625 0.73777 0.55625 0.735483 0.554688 0.735483 0.553125 0.733197 0.553125 0.724052 0.363968
2 0.565625 0.367398 0.565625 0.422268 0.570312 0.422268 0.573437 0.42684 0.573437 0.429126 0.575 0.431413 0.575 0.433699 0.5875 0.451989 0.5875 0.454275 0.6 0.472565 0.601562 0.472565 0.603125 0.474851 0.604687 0.474851 0.60625 0.477138 0.607812 0.477138 0.609375 0.479424 0.6125 0.479424 0.614062 0.48171 0.615625 0.48171 0.61875 0.486282 0.61875 0.493141 0.63125 0.493141 0.63125 0.474851 0.629687 0.472565 0.629687 0.467993 0.626562 0.46342 0.625 0.46342 0.621875 0.458848 0.620312 0.458848 0.61875 0.456561 0.614062 0.456561 0.609375 0.449703 0.607812 0.449703 0.6 0.438271 0.598437 0.438271 0.5875 0.422268 0.5875 0.419981 0.585938 0.417695 0.585938 0.415409 0.584375 0.413123 0.584375 0.399405 0.582812 0.397119 0.582812 0.385688 0.58125 0.383401 0.58125 0.381115 0.579687 0.378829 0.579687 0.367398 0.346417
0 0.584375 0.623457 0.584375 0.650892 0.589062 0.650892 0.592187 0.655465 0.592187 0.657751 0.595312 0.662323 0.595312 0.666896 0.598437 0.671468 0.598437 0.673755 0.6 0.676041 0.6 0.678327 0.603125 0.6829 0.603125 0.685186 0.6125 0.698903 0.6125 0.70119 0.61875 0.710335 0.61875 0.712621 0.620312 0.714907 0.620312 0.717193 0.621875 0.717193 0.623437 0.71948 0.63125 0.71948 0.632812 0.721766 0.635937 0.721766 0.6375 0.724052 0.6375 0.730911 0.651562 0.730911 0.651562 0.724052 0.665625 0.703476 0.667187 0.703476 0.670312 0.698903 0.671875 0.698903 0.673437 0.696617 0.675 0.696617 0.676562 0.694331 0.678125 0.694331 0.68125 0.689758 0.682812 0.689758 0.684375 0.687472 0.6875 0.687472 0.689062 0.685186 0.695312 0.685186 0.695312 0.673755 0.676562 0.673755 0.675 0.676041 0.673437 0.676041 0.671875 0.678327 0.667187 0.678327 0.665625 0.680613 0.664062 0.680613 0.6625 0.6829 0.660937 0.6829 0.659375 0.685186 0.65625 0.685186 0.654687 0.687472 0.65 0.687472 0.648438 0.689758 0.639062 0.689758 0.632812 0.680613 0.632812 0.678327 0.629687 0.673755 0.629687 0.671468 0.620312 0.657751 0.61875 0.657751 0.615625 0.653179 0.614062 0.653179 0.6125 0.650892 0.6125 0.648606 0.60625 0.639461 0.60625 0.637175 0.604687 0.634889 0.604687 0.632602 0.603125 0.630316 0.603125 0.623457 0.336549
2 0.132812 0.303383 0.132812 0.310242 0.126562 0.319386 0.121875 0.319386 0.121875 0.385688 0.134375 0.385688 0.135937 0.383401 0.134375 0.381115 0.134375 0.376543 0.132812 0.374256 0.132812 0.365111 0.13125 0.362825 0.13125 0.358253 0.132812 0.355966 0.132812 0.351394 0.134375 0.349108 0.134375 0.346821 0.139062 0.339963 0.140625 0.339963 0.142187 0.342249 0.142187 0.344535 0.14375 0.346821 0.14375 0.351394 0.145312 0.35368 0.145312 0.360539 0.146875 0.362825 0.146875 0.367398 0.148438 0.369684 0.148438 0.37197 0.15 0.374256 0.15 0.378829 0.151562 0.381115 0.151562 0.383401 0.153125 0.385688 0.153125 0.387974 0.15625 0.392546 0.15625 0.394833 0.159375 0.399405 0.159375 0.401691 0.160937 0.403978 0.160937 0.410836 0.16875 0.410836 0.16875 0.383401 0.167187 0.381115 0.167187 0.369684 0.165625 0.367398 0.165625 0.358253 0.164062 0.355966 0.164062 0.349108 0.1625 0.346821 0.1625 0.339963 0.160937 0.337676 0.160937 0.333104 0.159375 0.330818 0.159375 0.323959 0.157812 0.321673 0.157812 0.319386 0.154687 0.314814 0.154687 0.303383 0.333866
2 0.270312 0.0930481 0.270312 0.0999068 0.26875 0.102193 0.26875 0.104479 0.267187 0.106766 0.267187 0.109052 0.260937 0.118197 0.260937 0.120483 0.253125 0.131914 0.251562 0.131914 0.248437 0.136487 0.246875 0.136487 0.245312 0.138773 0.240625 0.138773 0.240625 0.173067 0.254687 0.173067 0.254687 0.166208 0.267187 0.147918 0.267187 0.143345 0.270312 0.138773 0.270312 0.136487 0.271875 0.134201 0.271875 0.127342 0.273438 0.125056 0.273438 0.122769 0.278125 0.115911 0.278125 0.106766 0.279687 0.104479 0.279687 0.0930481 0.320211
0 0.271875 0.486282 0.271875 0.529721 0.278125 0.529721 0.279687 0.532007 0.284375 0.532007 0.285937 0.529721 0.289062 0.529721 0.290625 0.527435 0.292187 0.527435 0.29375 0.525149 0.295312 0.525149 0.296875 0.522862 0.298437 0.522862 0.3 0.520576 0.301562 0.520576 0.303125 0.51829 0.3125 0.51829 0.314062 0.520576 0.315625 0.51829 0.323437 0.51829 0.325 0.520576 0.326562 0.520576 0.329687 0.525149 0.329687 0.527435 0.332812 0.532007 0.332812 0.53658 0.334375 0.538866 0.334375 0.545725 0.335938 0.548011 0.335938 0.550297 0.3375 0.552584 0.3375 0.55487 0.339062 0.557156 0.339062 0.559442 0.340625 0.559442 0.34375 0.55487 0.34375 0.543439 0.342187 0.541152 0.342187 0.527435 0.34375 0.525149 0.34375 0.51829 0.342187 0.516004 0.342187 0.509145 0.340625 0.506859 0.340625 0.504573 0.3375 0.5 0.3375 0.497714 0.335938 0.495428 0.335938 0.486282 0.317037
0 0.678125 0.230223 0.678125 0.291952 0.682812 0.291952 0.685937 0.287379 0.685937 0.285093 0.692187 0.275948 0.692187 0.273662 0.69375 0.271375 0.69375 0.266803 0.695312 0.264517 0.703125 0.264517 0.704687 0.266803 0.70625 0.266803 0.709375 0.271375 0.7125 0.271375 0.714062 0.273662 0.714062 0.275948 0.7125 0.278234 0.7125 0.289665 0.714062 0.291952 0.714062 0.296524 0.7125 0.29881 0.7125 0.310242 0.720312 0.310242 0.720312 0.271375 0.715625 0.271375 0.714062 0.269089 0.714062 0.266803 0.7125 0.264517 0.7125 0.230223 0.309128
0 0.273438 0.358253 0.273438 0.37197 0.275 0.374256 0.275 0.378829 0.278125 0.383401 0.278125 0.387974 0.276562 0.39026 0.276562 0.392546 0.273438 0.397119 0.273438 0.399405 0.270312 0.403978 0.265625 0.403978 0.265625 0.442844 0.282812 0.442844 0.290625 0.431413 0.290625 0.429126 0.292187 0.42684 0.292187 0.424554 0.29375 0.422268 0.29375 0.417695 0.296875 0.413123 0.301562 0.413123 0.301562 0.358253 0.308681
0 0.465625 0.751487 0.465625 0.781208 0.471875 0.781208 0.48125 0.794926 0.482812 0.794926 0.485938 0.799498 0.4875 0.799498 0.489062 0.801785 0.49375 0.801785 0.495312 0.804071 0.517187 0.804071 0.51875 0.801785 0.51875 0.799498 0.521875 0.794926 0.523438 0.794926 0.525 0.79264 0.5375 0.79264 0.539062 0.794926 0.539062 0.797212 0.5375 0.799498 0.535937 0.799498 0.534375 0.801785 0.528125 0.801785 0.526562 0.804071 0.525 0.804071 0.523438 0.806357 0.521875 0.806357 0.51875 0.810929 0.51875 0.813216 0.520312 0.815502 0.526562 0.815502 0.528125 0.817788 0.532812 0.817788 0.534375 0.820074 0.535937 0.820074 0.539062 0.824647 0.539062 0.831506 0.589062 0.831506 0.589062 0.806357 0.582812 0.806357 0.58125 0.804071 0.579687 0.804071 0.578125 0.801785 0.573437 0.801785 0.571875 0.804071 0.567187 0.804071 0.567187 0.813216 0.564062 0.817788 0.5625 0.817788 0.560937 0.820074 0.55625 0.820074 0.554688 0.817788 0.553125 0.817788 0.55 0.813216 0.551562 0.810929 0.551562 0.808643 0.554688 0.804071 0.554688 0.799498 0.557812 0.794926 0.559375 0.794926 0.560937 0.79264 0.5625 0.79264 0.564062 0.790353 0.565625 0.790353 0.567187 0.788067 0.56875 0.788067 0.570312 0.785781 0.576562 0.785781 0.578125 0.783495 0.578125 0.77435 0.576562 0.772063 0.576562 0.769777 0.575 0.767491 0.573437 0.767491 0.571875 0.765205 0.56875 0.765205 0.567187 0.762918 0.548437 0.762918 0.545312 0.758346 0.545312 0.751487 0.296021
0 0.639062 0.321673 0.639062 0.330818 0.6375 0.333104 0.635937 0.333104 0.634375 0.33539 0.628125 0.33539 0.628125 0.365111 0.635937 0.365111 0.6375 0.367398 0.639062 0.367398 0.640625 0.369684 0.645312 0.369684 0.646875 0.37197 0.660937 0.37197 0.6625 0.374256 0.665625 0.374256 0.667187 0.376543 0.667187 0.383401 0.695312 0.383401 0.695312 0.33539 0.689062 0.33539 0.685937 0.330818 0.685937 0.321673 0.292184
0 0.728125 0.358253 0.728125 0.415409 0.732812 0.415409 0.735937 0.419981 0.735937 0.422268 0.7375 0.424554 0.7375 0.429126 0.739062 0.431413 0.739062 0.435985 0.740625 0.438271 0.740625 0.442844 0.742188 0.44513 0.742188 0.449703 0.745312 0.454275 0.745312 0.456561 0.746875 0.458848 0.746875 0.465706 0.757812 0.465706 0.757812 0.419981 0.753125 0.419981 0.751562 0.417695 0.751562 0.415409 0.75 0.413123 0.75 0.406264 0.748437 0.403978 0.748437 0.401691 0.746875 0.399405 0.746875 0.397119 0.74375 0.392546 0.74375 0.39026 0.742188 0.387974 0.742188 0.381115 0.740625 0.378829 0.740625 0.358253 0.277022
0 0.646875 0.376543 0.646875 0.383401 0.635937 0.399405 0.635937 0.401691 0.632812 0.406264 0.628125 0.406264 0.628125 0.479424 0.632812 0.479424 0.635937 0.483996 0.635937 0.486282 0.6375 0.488569 0.6375 0.490855 0.640625 0.495428 0.645312 0.495428 0.65 0.488569 0.65 0.486282 0.651562 0.483996 0.651562 0.461134 0.653125 0.458848 0.653125 0.449703 0.651562 0.447416 0.651562 0.440558 0.65 0.438271 0.65 0.433699 0.648438 0.431413 0.648438 0.42684 0.65 0.424554 0.65 0.419981 0.651562 0.417695 0.653125 0.417695 0.654687 0.415409 0.65625 0.415409 0.657812 0.413123 0.660937 0.413123 0.6625 0.410836 0.667187 0.410836 0.66875 0.40855 0.671875 0.40855 0.673437 0.406264 0.676562 0.406264 0.678125 0.403978 0.68125 0.403978 0.682812 0.401691 0.69375 0.401691 0.695312 0.399405 0.7 0.399405 0.701562 0.397119 0.707812 0.397119 0.707812 0.387974 0.703125 0.387974 0.701562 0.385688 0.701562 0.376543 0.269766
0 0.284375 0.660037 0.284375 0.712621 0.289062 0.712621 0.290625 0.714907 0.290625 0.721766 0.304688 0.721766 0.304688 0.714907 0.303125 0.712621 0.303125 0.698903 0.301562 0.696617 0.304688 0.692045 0.304688 0.689758 0.30625 0.687472 0.30625 0.685186 0.310937 0.678327 0.310937 0.673755 0.3125 0.671468 0.3125 0.660037 0.261187
0 0.578125 0.522862 0.578125 0.57316 0.584375 0.57316 0.5875 0.577732 0.5875 0.584591 0.59375 0.584591 0.59375 0.577732 0.596875 0.57316 0.601562 0.57316 0.603125 0.570874 0.604687 0.570874 0.60625 0.568587 0.609375 0.568587 0.6125 0.564015 0.614062 0.564015 0.617188 0.559442 0.61875 0.559442 0.620312 0.557156 0.621875 0.557156 0.623437 0.55487 0.625 0.55487 0.628125 0.550297 0.629687 0.550297 0.629687 0.548011 0.63125 0.545725 0.63125 0.543439 0.632812 0.541152 0.632812 0.538866 0.634375 0.53658 0.639062 0.53658 0.639062 0.522862 0.260594
0 0.29375 0.522862 0.29375 0.532007 0.290625 0.53658 0.284375 0.53658 0.284375 0.575446 0.295312 0.575446 0.295312 0.568587 0.296875 0.566301 0.296875 0.564015 0.3 0.559442 0.301562 0.559442 0.303125 0.557156 0.303125 0.55487 0.30625 0.550297 0.307812 0.550297 0.309375 0.548011 0.309375 0.545725 0.315625 0.53658 0.320312 0.53658 0.320312 0.522862 0.259606
