Imagen: OPMM_Subasta_2025-05-31_04_54_34.894_Imedea
8.955918045564793
13.928543409860364
20.70708375219705
21.987239712375022
14.52628995566504
7.401003442818128
18.583518081267194
14.303077666234822
16.30457636692612
Imagen: OPMM_Subasta_2025-05-31_04_56_37.795_Imedea
23.82720997193769
23.954647935592536
23.50055055565227
25.510679958799955
19.776661531713692
Imagen: OPMM_Subasta_2025-05-31_06_00_20.829_Imedea
15.698978300535499
14.781682087710296
11.011970157064578
11.816815048768854
13.753882712346561
17.194468362917654
11.174256940373649
10.384567402739822
9.493471399022045
12.135268641407006
13.753882712346561
8.564491935524572
13.354200691793498
6.2428048134949545
10.976794846402761
19.367721041400166
Imagen: OPMM_Subasta_2025-05-31_06_00_38.629_Imedea
58.998754006117316
41.96312749547959
39.81973030776845
Imagen: OPMM_Subasta_2025-05-31_06_00_51.329_Imedea
21.704480325107323
25.204290694049664
25.22282473229551
11.273425418594806
27.69903743826758
14.588067434358605
12.787944672851964
24.201057550962048
5.86199096248844
22.735238244501904
17.16183434971106
14.773921240518396
18.75965440104252
10.116510811866172
Imagen: OPMM_Subasta_2025-05-31_06_01_28.329_Imedea
32.866529754964944
31.290586121157748
28.332432427692346
34.3960331238223
25.874357359024575
Imagen: OPMM_Subasta_2025-05-31_06_01_32.529_Imedea
30.616031752906654
25.603767581122927
25.921106146092246
21.186339013344146
29.077377102818957
27.91922606588107
33.92453245127594
Imagen: OPMM_Subasta_2025-05-31_06_02_11.829_Imedea
36.08407101396415
28.409530140701516
25.361974098619925
32.98803825589429
35.22116290881643
28.428815434746483
28.84449841175534
18.207945870930665
8.172541226668294
26.437187602380945
Imagen: OPMM_Subasta_2025-05-31_06_02_19.230_Imedea
22.95945623697212
14.572614905722514
12.463854767342859
9.654733802112856
18.533294823157767
9.233351130656661
19.291361021188084
17.489098826606785
14.035216315689839
7.31480697234869
12.980746534638268
9.015131215724818
20.291810156427097
22.75314878789932
15.469908237777796
11.047182810257128
11.33733002135928
Imagen: OPMM_Subasta_2025-05-31_06_14_28.836_Imedea
22.968440142728742
10.089149651805027
16.92585431558964
17.47268690553335
19.699769265815235
22.86968138578123
28.902659787109137
16.642499252346816
18.04184380914642
14.119220083371362
34.7356121024842
Imagen: OPMM_Subasta_2025-05-31_06_14_33.136_Imedea
26.16465094241274
16.71521022541509
16.29655866763317
22.378012488749892
20.75918905575306
22.208989365480733
31.420099824025282
Imagen: OPMM_Subasta_2025-05-31_06_15_29.936_Imedea
20.464501331969906
9.776271017968588
17.06405589669671
11.089487229865414
12.824947526341356
14.295401177214423
14.28772605649983
11.694531120205237
Imagen: OPMM_Subasta_2025-05-31_04_56_56.996_Imedea
11.089487229865414
10.550678324826858
10.564560364449024
3.703638163218257
13.852514074117057
11.273425418594806
12.973313380374996
Imagen: OPMM_Subasta_2025-05-31_06_15_35.236_Imedea
14.603525399074476
14.999534263086947
19.401690961034756
12.522574581582768
12.405226653407858
17.243457958346088
15.564560253509306
8.629325667078056
Imagen: OPMM_Subasta_2025-05-31_06_16_07.036_Imedea
27.67035987852875
42.72263845541039
36.0945097130307
45.57972660263315
27.794700499823666
44.11003006066665
33.24165857881534
38.11719837976653
49.282657952498546
52.18116905502116
Imagen: OPMM_Subasta_2025-05-31_06_17_13.037_Imedea
23.346815897122937
26.23973979733909
47.44205122649595
38.05343675151516
27.374603312343798
33.028574159021474
29.26217979812517
25.91175414751096
35.60497610176734
22.208989365480733
19.359231649976817
33.87341268990012
40.00321919545426
Imagen: OPMM_Subasta_2025-05-31_06_19_04.638_Imedea
Imagen: OPMM_Subasta_2025-05-31_06_19_07.838_Imedea
24.954524389242486
15.320435119280038
Imagen: OPMM_Subasta_2025-05-31_06_19_09.938_Imedea
25.22282473229551
26.437187602380945
39.49661038299686
24.62278989510954
20.507749987130346
17.983827585245933
Imagen: OPMM_Subasta_2025-05-31_06_19_15.238_Imedea
7.617955584685221
16.731382505752563
14.503145850309721
8.383823493244273
8.428870642294582
4.8487275378359165
7.624184743068101
7.937787985858565
10.661904134712183
9.681698433677091
5.272799002296059
Imagen: OPMM_Subasta_2025-05-31_06_19_18.338_Imedea
58.36087781232358
17.28431795403018
74.99237613927838
Imagen: OPMM_Subasta_2025-05-31_06_19_20.538_Imedea
8.577445692321264
7.4318690505608105
13.685736659605597
14.603525399074476
Imagen: OPMM_Subasta_2025-05-31_06_19_34.538_Imedea
33.20103600388629
38.703328393460545
46.156209363011364
49.85098005842483
Imagen: OPMM_Subasta_2025-05-31_04_57_35.796_Imedea
17.30884935795874
Imagen: OPMM_Subasta_2025-05-31_06_19_45.138_Imedea
16.28052719739173
17.007104180344093
10.137047820389732
7.994680890965343
5.3667809061018135
11.401354436014236
6.720912959801883
13.655485614676122
12.339379816810455
7.499923315948626
3.946410916502866
Imagen: OPMM_Subasta_2025-05-31_06_19_53.438_Imedea
8.281160027242429
18.970058466315013
15.462029225498007
13.055155768706207
17.349760691033744
17.072197014968324
6.231148482219011
7.862140924569235
Imagen: OPMM_Subasta_2025-05-31_06_20_05.238_Imedea
28.80574577587779
Imagen: OPMM_Subasta_2025-05-31_06_20_17.738_Imedea
24.77004547144254
Imagen: OPMM_Subasta_2025-05-31_06_20_21.938_Imedea
10.843469939572415
15.038547662749261
8.435312488976539
8.210822895956152
16.642499252346816
5.228763329250541
16.747559977457694
Imagen: OPMM_Subasta_2025-05-31_06_20_26.238_Imedea
44.32219934174754
22.887627013222165
24.733204253572456
32.795718573083775
21.72211716648894
34.10877535654464
Imagen: OPMM_Subasta_2025-05-31_06_20_29.338_Imedea
13.354200691793498
13.361705585307226
8.890277752778704
20.04227256018623
6.738844597146272
9.206808038812172
Imagen: OPMM_Subasta_2025-05-31_06_20_34.538_Imedea
19.802314378205768
25.57582947609713
23.699997892976146
33.53666491148108
Imagen: OPMM_Subasta_2025-05-31_06_20_38.939_Imedea
20.22286984273671
Imagen: OPMM_Subasta_2025-05-31_06_20_44.139_Imedea
28.361335918556314
25.13945719146169
17.23528981267671
25.111688380304496
Imagen: OPMM_Subasta_2025-05-31_04_59_09.497_Imedea
15.187105038736549
17.023369648741763
16.974588734011693
15.984891857256013
7.487534499503224
16.860947496311322
8.818258832628235
14.08865400496496
9.796576249204778
4.977951726356304
14.952762616544517
8.242769625653313
5.816374769734404
10.808474434456555
6.708967350331444
Imagen: OPMM_Subasta_2025-05-31_06_20_51.539_Imedea
22.762105815384235
14.64993189036976
20.585673911619907
27.01350545438487
25.650353586840712
Imagen: OPMM_Subasta_2025-05-31_06_20_56.839_Imedea
23.50055055565227
28.902659787109137
26.11775669962948
Imagen: OPMM_Subasta_2025-05-31_06_21_05.339_Imedea
46.2581910796658
9.386465234702627
8.92964269293358
11.11771998421366
27.004024393107528
6.32460132233634
6.196222914532242
16.869056320227266
Imagen: OPMM_Subasta_2025-05-31_04_59_15.797_Imedea
6.348036607873847
12.222606439421613
16.51349543281491
8.493362573545312
17.43167949016714
15.937120707527841
8.512741954930375
10.43292598560646
Imagen: OPMM_Subasta_2025-05-31_04_59_18.997_Imedea
Imagen: OPMM_Subasta_2025-05-31_04_59_23.197_Imedea
25.668995859991373
Imagen: OPMM_Subasta_2025-05-31_04_59_25.297_Imedea
Imagen: OPMM_Subasta_2025-05-31_05_00_02.197_Imedea
12.339379816810455
15.953039149561702
14.280052304338033
9.560554456813353
5.162940143383643
15.140139817547746
15.234118527548365
6.359765037302128
9.29316575996314
5.714171951226852
9.607605817136902
13.761461430290966
4.467896793323034
4.940144848180792
8.172541226668294
Imagen: OPMM_Subasta_2025-05-31_05_00_05.297_Imedea
40.46858630647736
40.946622044147475
36.71216382111459
37.862364646151256
38.23418670338922
41.96312749547959
27.32699953690496
34.550249896854304
Imagen: OPMM_Subasta_2025-05-31_04_54_55.995_Imedea
15.921207542395354
8.661803354446652
8.98221901601973
12.302848545586139
7.63664812969859
7.899934394245229
10.661904134712183
8.013675149398333
8.570968001460454
9.034897709557669
9.627794149727505
7.192252181609502
10.850473546280165
Imagen: OPMM_Subasta_2025-05-31_05_00_09.597_Imedea
9.945907883075835
10.027677065292863
8.81172130687914
10.976794846402761
5.416758741794495
11.824021363836765
13.017933501313607
14.019960791693626
5.250765839773791
8.051708529724783
6.661255527331272
10.419101637263372
8.31960960619396
Imagen: OPMM_Subasta_2025-05-31_05_00_12.797_Imedea
30.804018585580213
18.692489813627258
22.44039133282824
29.03852082705182
25.51998365479409
Imagen: OPMM_Subasta_2025-05-31_05_00_16.997_Imedea
10.034501191604667
11.394234702580468
11.997409765213487
9.44660665505
7.210591545311383
13.12970607033698
8.229985991618113
Imagen: OPMM_Subasta_2025-05-31_05_00_20.097_Imedea
16.09654229698994
15.675229592945067
6.307043752443084
19.46118585508557
12.728813988227147
19.11357759503999
23.745404822159962
10.955707601124052
Imagen: OPMM_Subasta_2025-05-31_05_00_24.397_Imedea
Imagen: OPMM_Subasta_2025-05-31_05_00_28.597_Imedea
19.8879035553795
Imagen: OPMM_Subasta_2025-05-31_05_00_33.897_Imedea
18.441336128235154
19.41018652851958
20.317682849047383
22.422562923948544
14.241704080472722
26.5408085946043
37.57635588797936
18.524928668014734
22.146825013748273
Imagen: OPMM_Subasta_2025-05-31_05_00_39.097_Imedea
18.852136198256247
24.301686426207212
Imagen: OPMM_Subasta_2025-05-31_05_00_44.497_Imedea
23.591139062135976
32.62395980737288
18.970058466315013
20.611670348533355
12.89905963391758
18.60026919217426
21.801541782226757
24.549271493447243
6.685097307394182
Imagen: OPMM_Subasta_2025-05-31_05_00_50.897_Imedea
9.945907883075835
10.439840441535772
11.42272249324672
6.925064023945951
20.059449119503267
5.976547697180966
10.550678324826858
13.12970607033698
11.494045207020537
11.195482832847592
12.58874380297164
11.544058729871983
11.237974715862322
Imagen: OPMM_Subasta_2025-05-31_04_55_00.195_Imedea
11.917836066894191
21.02036667908518
16.57795568286767
8.83788106508568
24.137093208715342
8.779057834216585
8.60985850607476
15.054162440677294
2.9067552479831376
16.71521022541509
17.51372629773741
Imagen: OPMM_Subasta_2025-05-31_05_01_09.798_Imedea
6.459746340486231
9.486771722436776
13.47444680626757
11.586984805704285
14.696387236877516
13.09986903886907
11.766411704009293
17.186307930117344
7.944102756200565
7.549546522747487
13.391739153879112
8.51920500658156
11.7808053601047
9.540413075956666
6.5543181832692285
10.253685018103981
13.204397169883615
7.555757059201785
10.675834568919566
Imagen: OPMM_Subasta_2025-05-31_05_01_12.998_Imedea
17.637036083702945
8.229985991618113
12.537268846342458
14.241704080472722
9.567271383623632
5.618200977071977
7.862140924569235
6.864809212119828
7.549546522747487
15.022938265632474
13.98184608851608
11.680172559639818
12.03363770359586
7.444227229758495
10.089149651805027
14.618988797936005
7.106873802901077
Imagen: OPMM_Subasta_2025-05-31_05_01_17.298_Imedea
16.982715658768225
11.990168530253532
13.436831461280168
14.64993189036976
10.370764370597897
12.098939307260338
3.9064258785502193
9.153798023036654
12.876811117103253
15.155789525108965
9.810120838462373
7.925163447737901
10.308726209131919
Imagen: OPMM_Subasta_2025-05-31_05_01_20.398_Imedea
17.9175993377579
Imagen: OPMM_Subasta_2025-05-31_05_01_23.498_Imedea
24.429959865737803
18.291186221003347
Imagen: OPMM_Subasta_2025-05-31_05_01_27.698_Imedea
Imagen: OPMM_Subasta_2025-05-31_05_02_01.698_Imedea
10.130200614582536
9.905106720924348
7.7804617878598155
10.571503656423705
13.003054476658486
14.464599578403455
10.990860486996086
12.625554475490919
13.89811509761929
6.661255527331272
9.246632186820282
14.812739004216771
12.03363770359586
9.526993325399118
15.698978300535499
9.193546009266239
Imagen: OPMM_Subasta_2025-05-31_05_03_52.099_Imedea
Imagen: OPMM_Subasta_2025-05-31_05_04_00.599_Imedea
35.241874240568826
34.890331936860555
22.38692022236065
51.06435939148194
47.44205122649595
32.52306519996322
61.18715932465014
48.221466271770794
Imagen: OPMM_Subasta_2025-05-31_05_04_05.899_Imedea
43.742329823345976
43.98734979095221
33.07926727311994
44.80361814990971
32.77549612174083
39.679604368322174
30.98246343234058
76.30028187642029
40.08966376614464
41.66716098420839
33.28229764144816
34.81810093878525
70.13563185971874
29.301135133595444
44.043099487483744
34.01661249132204
25.37125975663991
31.709654204910674
Imagen: OPMM_Subasta_2025-05-31_04_55_15.195_Imedea
8.390253892551563
20.4040041621082
11.259240689396822
9.313132447751434
14.456894411767315
8.583925007694553
15.889397049922723
12.237182944201827
17.967262919003893
Imagen: OPMM_Subasta_2025-05-31_05_04_16.499_Imedea
21.23008792237803
22.601058529493447
13.87530836647094
10.571503656423705
23.04934778100663
23.13034981645627
23.745404822159962
33.5570420553542
5.663296559429786
Imagen: OPMM_Subasta_2025-05-31_05_04_23.899_Imedea
19.56331769570143
21.99609550691624
13.534703924673776
23.148363076952986
15.754438348160702
38.106568980771584
20.473148637855598
19.01223268898807
16.06461584859453
14.257039261640648
20.085223116232772
11.658645702734095
Imagen: OPMM_Subasta_2025-05-31_05_04_28.199_Imedea
14.758403606127137
12.375947029463225
14.464599578403455
6.613656891749487
12.669774358043748
14.696387236877516
4.240310309134316
12.988181102287855
5.7822403508291345
17.604125394972442
8.26195742350849
12.773153473101727
14.02758786517747
17.186307930117344
8.045365481917615
7.711570211391539
14.867140653202883
Imagen: OPMM_Subasta_2025-05-31_05_04_40.799_Imedea
22.378012488749892
24.448302937465783
28.912357130616314
27.976761705015516
28.5156530048034
Imagen: OPMM_Subasta_2025-05-31_05_04_46.099_Imedea
28.9996818051621
20.907056616673017
27.823420763826046
16.272513426876337
35.89634594602141
27.8808908255377
31.699654898237835
28.053537034985386
Imagen: OPMM_Subasta_2025-05-31_05_04_51.499_Imedea
25.13945719146169
21.739758763283593
22.95945623697212
18.742855757082342
29.164866767655365
15.015135585465083
27.708598816247886
19.86221393563034
7.549546522747487
Imagen: OPMM_Subasta_2025-05-31_05_04_54.699_Imedea
18.91106681699034
7.444227229758495
22.200105202440305
14.379917759030024
16.120500939670826
16.642499252346816
20.007934100286963
24.064059954968364
20.950613345520836
11.680172559639818
7.912545582675569
15.953039149561702
23.18440356136292
18.89422326694409
29.701417749511773
6.631493098651568
20.51640335502215
17.47268690553335
Imagen: OPMM_Subasta_2025-05-31_05_04_57.899_Imedea
14.913823306524337
16.28854227771621
17.686440364486185
4.467896793323034
26.521958405938992
19.003795357129285
Imagen: OPMM_Subasta_2025-05-31_05_05_01.099_Imedea
17.390704076895226
23.085337038298515
19.291361021188084
15.438400185824765
14.449190608281965
18.000397318451512
28.48669737893022
27.393652523150823
Imagen: OPMM_Subasta_2025-05-31_05_05_04.099_Imedea
10.350071254109888
12.324762993345546
26.644564072778557
19.8879035553795
6.231148482219011
11.881724362228086
13.844918742030037
8.512741954930375
Imagen: OPMM_Subasta_2025-05-31_04_55_19.495_Imedea
18.291186221003347
11.033093270441675
12.062646152974125
21.133879887102964
9.877936897923425
19.164317085915883
21.090196943490636
12.847166270229819
10.836467834324758
9.66147261912099
8.448201082898388
10.920592122110191
20.136804060231405
13.66304629226787
Imagen: OPMM_Subasta_2025-05-31_05_11_25.303_Imedea
45.794213493301946
44.64668761403306
58.311905831930616
68.59252829079848
55.531142781819334
65.04505603758544
62.07240296288889
37.80934575546157
43.88705943292891
58.605942337233294
14.195731425798092
Imagen: OPMM_Subasta_2025-05-31_05_21_00.808_Imedea
32.271283077029445
26.918744582746555
28.38061034742885
21.090196943490636
28.49634816904428
25.473476439567317
18.133137406961932
40.31687528972477
3.1404552545630886
17.521938011180367
13.459396479128683
Imagen: OPMM_Subasta_2025-05-31_05_21_19.908_Imedea
13.48197406362242
12.876811117103253
3.5720685634917757
14.595795737327517
9.533702416762864
8.975641373116016
9.701938285858704
Imagen: OPMM_Subasta_2025-05-31_05_21_30.409_Imedea
12.317456738814055
21.792712073181136
11.658645702734095
9.379790729905352
9.520285802236343
9.553839096352148
15.383312439382632
14.280052304338033
10.641019809255766
10.426013050736033
18.41628285142936
7.574398838115876
12.237182944201827
Imagen: OPMM_Subasta_2025-05-31_05_21_39.909_Imedea
54.044335930289435
50.28155248218443
52.523684891303205
Imagen: OPMM_Subasta_2025-05-31_05_21_52.609_Imedea
26.28670659701387
27.995948988328344
28.883268340420276
25.343406168371867
27.355558501383033
28.27465480706108
27.63213847676245
Imagen: OPMM_Subasta_2025-05-31_05_21_56.709_Imedea
13.047708492796536
22.52960390786111
11.103600627944244
18.466400709879366
Imagen: OPMM_Subasta_2025-05-31_05_22_04.109_Imedea
12.27364943050557
17.521938011180367
17.793640236998773
16.384825327982966
8.824797967846182
10.467513469074218
3.5672260227615995
Imagen: OPMM_Subasta_2025-05-31_05_22_26.309_Imedea
14.89825702366844
11.982928746885719
7.59927825483803
7.3763416809558855
13.814551247300553
12.640288732826045
14.843817553663495
12.055391866913714
8.700830007734712
13.122244699830592
3.6060273468109285
12.09167778084656
11.701712596369557
17.30884935795874
6.1555588774182475
12.706663448834751
12.149810497262628
11.05422981847382
Imagen: OPMM_Subasta_2025-05-31_05_22_30.609_Imedea
17.768882719889234
13.655485614676122
15.406913468176064
18.62540525163475
9.959520639767964
9.313132447751434
11.544058729871983
8.88372254486851
7.241191586592139
7.956737297220549
17.357946804796022
Imagen: OPMM_Subasta_2025-05-31_04_55_26.795_Imedea
10.60624282456604
14.295401177214423
6.882867296156065
17.637036083702945
7.241191586592139
19.802314378205768
18.29951718671037
Imagen: OPMM_Subasta_2025-05-31_05_22_44.409_Imedea
5.416758741794495
22.52067736314604
15.849663648496731
24.292532619429316
22.986411454412266
30.388980494630772
Imagen: OPMM_Subasta_2025-05-31_05_22_50.609_Imedea
13.331694412190052
13.769041534154963
16.610217059483624
15.857607686338053
4.945539970284759
Imagen: OPMM_Subasta_2025-05-31_05_22_58.109_Imedea
25.594453754305597
36.6072319593663
13.610150738190416
25.278453977909816
21.23884129897187
19.9821930872997
31.889820645908234
22.627873373264073
28.86388121497731
Imagen: OPMM_Subasta_2025-05-31_05_23_03.409_Imedea
17.810151605106835
9.898311942542993
7.868435656938541
16.602149763275555
14.441488168191581
15.809963288746099
9.506875461998584
Imagen: OPMM_Subasta_2025-05-31_05_23_09.709_Imedea
11.494045207020537
18.04184380914642
8.390253892551563
14.595795737327517
10.627104480057934
16.76374263884502
13.361705585307226
7.271834618729831
8.198055740795109
13.951379138194996
8.596888510330404
12.21532035027316
10.246811750349654
6.78673977232614
Imagen: OPMM_Subasta_2025-05-31_05_23_13.009_Imedea
10.439840441535772
10.745577247556621
14.626722534567525
19.096674358025748
18.066726889576724
12.106202280868162
8.383823493244273
21.99609550691624
16.160458291164716
17.210793086284596
12.736200347177551
8.255559845221548
9.932301309140728
Imagen: OPMM_Subasta_2025-05-31_05_23_25.810_Imedea
7.070386818976486
12.68452572146231
16.160458291164716
11.968453536105226
14.035216315689839
14.572614905722514
6.336315368063219
10.738596197068466
7.912545582675569
8.096156303235796
9.001961540377968
Imagen: OPMM_Subasta_2025-05-31_05_23_41.410_Imedea
12.68452572146231
18.742855757082342
20.924475696703936
13.602599792703497
9.939103823085958
9.339776819307943
14.257039261640648
13.196921731675904
7.388669145840766
16.489344342097056
Imagen: OPMM_Subasta_2025-05-31_05_23_43.610_Imedea
11.308913170584963
12.441858470693536
7.210591545311383
13.444351737165194
17.901054955076166
18.23290473920976
16.909619849725622
11.910610815681803
24.677976572947387
Imagen: OPMM_Subasta_2025-05-31_05_47_19.622_Imedea
7.106873802901077
4.317452436085487
8.473997861250298
16.71521022541509
8.390253892551563
14.387609283155093
13.196921731675904
10.212468372778863
11.946751614246974
5.924906088802569
14.588067434358605
14.449190608281965
10.054982815673652
10.864485262773288
7.131233075232458
16.08057644227399
11.223804817344764
13.354200691793498
Imagen: OPMM_Subasta_2025-05-31_04_55_50.295_Imedea
10.082313206615643
18.81008030029252
14.09629346266225
20.464501331969906
7.937787985858565
15.913252939220667
16.71521022541509
Imagen: OPMM_Subasta_2025-05-31_05_47_27.022_Imedea
9.29316575996314
8.890277752778704
10.983826919206566
11.494045207020537
5.472469752896985
8.525669686468465
7.59927825483803
13.625256802138415
10.969764268906411
10.178163295563714
7.082542218356524
Imagen: OPMM_Subasta_2025-05-31_05_47_36.322_Imedea
16.441077380168068
20.28318835807438
19.384703530793015
10.661904134712183
11.138910184661857
18.207945870930665
15.28902853590792
17.145525063156022
Imagen: OPMM_Subasta_2025-05-31_05_47_46.822_Imedea
11.167184615213408
8.88372254486851
15.06978259754059
23.283610820962135
22.226761231497512
15.873499726131135
20.70708375219705
17.497306705249166
12.68452572146231
20.059449119503267
7.605502340105391
Imagen: OPMM_Subasta_2025-05-31_05_48_22.322_Imedea
43.67558509325822
41.68906057095756
27.92881260804367
37.34384465008165
36.638701047210446
37.01702949180765
40.28439040554955
37.01702949180765
38.42587868914237
48.27894244742572
47.71665728310743
26.710660227126045
57.60334804538587
Imagen: OPMM_Subasta_2025-05-31_05_48_31.822_Imedea
19.827978262274485
29.867916677826788
23.63647668725585
20.837428479209002
25.84632153759838
41.437446122436135
34.01661249132204
23.96375928012846
28.5156530048034
30.35940650191095
13.572409926724232
24.255928843835246
23.55488977516233
32.7653864490903
Imagen: OPMM_Subasta_2025-05-31_05_48_36.022_Imedea
9.945907883075835
10.661904134712183
7.173928329916927
4.875556110535427
9.453296903447521
9.959520639767964
9.627794149727505
7.143423084371705
10.150746839158485
12.200752499904688
13.1819750722207
7.339400317232445
7.98835279765025
12.603463789868071
12.17163411898416
6.120774808815045
7.617955584685221
Imagen: OPMM_Subasta_2025-05-31_05_48_40.322_Imedea
34.85936970967308
31.589731655211047
25.91175414751096
35.45958709452052
20.62900735676347
24.073185092953942
25.631715810777052
27.641692182763126
29.5645331971393
24.64118089662031
25.31556273956333
24.265078069716083
25.445585631991666
20.733130969711496
41.44837536227899
32.78560682977438
23.346815897122937
Imagen: OPMM_Subasta_2025-05-31_05_48_45.522_Imedea
29.271917018907207
21.1688478406687
27.403178778175363
16.473250135655853
18.78486173319397
22.15570209326577
25.287729473967442
14.820506614085732
18.441336128235154
17.70291865107383
19.691231821025816
32.41220103383625
23.68184320209107
26.66344314029938
22.58318783228627
25.51998365479409
26.74845386070846
28.941455640327867
Imagen: OPMM_Subasta_2025-05-31_05_48_48.622_Imedea
19.93931585487512
14.134511367690473
26.899805678466652
20.828730385360473
11.874506388198016
21.845708135167474
20.577010853448083
21.881062577092077
25.343406168371867
25.836978506408578
Imagen: OPMM_Subasta_2025-05-31_05_48_53.922_Imedea
10.780505084061591
14.065743882996438
13.055155768706207
12.529920998825883
15.140139817547746
32.714853620341685
14.349165320968504
16.666724549488535
11.881724362228086
Imagen: OPMM_Subasta_2025-05-31_04_55_59.695_Imedea
11.93952054662542
8.083448651105343
16.610217059483624
20.059449119503267
28.825119931730043
11.479768875612825
15.857607686338053
20.802643338984815
18.919490460389625
8.831338712132187
9.88472703068523
Imagen: OPMM_Subasta_2025-05-31_05_48_57.023_Imedea
21.519580925840756
23.75448967000398
22.164580353767583
18.89422326694409
19.147398960459082
25.06542967660873
21.730937370540712
20.26594841119209
20.30905740208721
27.13685974772302
16.537658255670795
27.469893344287332
18.191312932489833
13.66304629226787
28.79606031982179
Imagen: OPMM_Subasta_2025-05-31_05_49_02.223_Imedea
14.012335095490041
20.889642353558646
20.033686112605753
23.918214063002072
14.418389030733788
14.019960791693626
15.897347692762589
11.33733002135928
12.921320898220436
18.000397318451512
14.976142377938892
8.655304576980148
11.11771998421366
Imagen: OPMM_Subasta_2025-05-31_05_49_06.623_Imedea
13.89811509761929
21.739758763283593
15.054162440677294
8.473997861250298
18.89422326694409
16.28052719739173
Imagen: OPMM_Subasta_2025-05-31_05_49_37.323_Imedea
31.17119275116412
29.271917018907207
44.84848901248263
38.085313135648605
39.550402988536696
42.24878884271666
35.511489066024374
51.3574785079082
38.90649877069384
36.32441451807023
48.46301888290872
41.875361220635604
45.16300223042413
32.664346692283964
32.69464774028299
Imagen: OPMM_Subasta_2025-05-31_05_49_41.523_Imedea
14.976142377938892
25.893053511828143
Imagen: OPMM_Subasta_2025-05-31_05_49_46.923_Imedea
24.393287437496458
24.439130830254637
24.83456139261173
26.37131707348303
24.393287437496458
30.329842070512747
31.400163080815883
26.918744582746555
15.304729153002526
23.96375928012846
28.043936299117103
30.201840097269372
36.69116947238234
31.061882027330046
22.44930730123972
Imagen: OPMM_Subasta_2025-05-31_05_49_51.223_Imedea
22.93251152188376
13.504564207686215
15.320435119280038
20.767877498869005
13.610150738190416
21.405382861758948
12.50054391431378
23.61833816939882
8.140685237546194
11.860074809418528
13.294211965192995
10.33628346824694
8.694321521308735
9.386465234702627
Imagen: OPMM_Subasta_2025-05-31_05_56_24.326_Imedea
14.937182847510407
8.603372696769643
10.689771040491353
11.30181265812518
8.249163912460297
28.284281691050893
9.674954935268712
15.367585094786993
8.493362573545312
14.356851381226868
6.882867296156065
12.544618123850741
14.14215907025429
13.640368428324077
Imagen: OPMM_Subasta_2025-05-31_05_56_33.927_Imedea
14.387609283155093
16.240471447241205
17.75238406749806
12.332070686106468
12.463854767342859
12.113466701378284
13.189447699032414
16.666724549488535
17.202630081708403
7.4318690505608105
8.089801648781302
18.78486173319397
16.168453701549986
Imagen: OPMM_Subasta_2025-05-31_05_56_55.027_Imedea
13.3692118785367
16.136479939308042
18.95319748547983
18.66732371971279
15.881447727638243
12.113466701378284
13.354200691793498
7.574398838115876
5.839168077438321
20.733130969711496
Imagen: OPMM_Subasta_2025-05-31_04_56_22.895_Imedea
28.679919232093468
Imagen: OPMM_Subasta_2025-05-31_05_57_03.427_Imedea
24.604403452891884
9.206808038812172
12.456521235265452
14.657671056802826
15.414783146697077
23.473396574581322
11.586984805704285
8.844425026306473
8.48690603899281
11.910610815681803
9.688443491821475
Imagen: OPMM_Subasta_2025-05-31_05_57_32.027_Imedea
31.19108112151426
48.62427642791085
34.79747264031312
24.733204253572456
18.885803360670003
35.84425781202576
20.985480390581547
Imagen: OPMM_Subasta_2025-05-31_05_57_36.227_Imedea
16.30457636692612
22.771064013186898
21.081463956215945
12.529920998825883
11.075379792524004
15.147964000363334
22.58318783228627
16.650573051509728
16.168453701549986
12.142538846611837
Imagen: OPMM_Subasta_2025-05-31_05_58_18.627_Imedea
53.82962475358149
47.05392781625969
35.01427206549822
29.95618818684427
29.418104319862536
20.438566692506384
40.81606388477217
Imagen: OPMM_Subasta_2025-05-31_05_58_27.128_Imedea
16.57795568286767
11.237974715862322
10.703713546781657
23.112341212055043
17.719402031499897
12.055391866913714
11.903387019312289
11.387116445818231
9.048083354750819
10.689771040491353
18.050136904179617
8.629325667078056
19.11357759503999
9.127331148398769
14.944972058013924
12.773153473101727
Imagen: OPMM_Subasta_2025-05-31_05_58_51.228_Imedea
28.592915736822125
18.617025312987224
20.32630951186296
9.200176230687907
24.201057550962048
14.828275575775175
32.58358951440739
21.72211716648894
20.72444735603261
21.064001584450736
18.793266674149564
30.804018585580213
Imagen: OPMM_Subasta_2025-05-31_05_59_13.528_Imedea
11.881724362228086
12.317456738814055
10.460592932292696
8.916514631206372
11.273425418594806
12.295546607463335
16.51349543281491
11.896164678082306
18.709273461868708
16.901504556533023
10.703713546781657
11.245061890586976
25.250634269109568
8.42243042969101
Imagen: OPMM_Subasta_2025-05-31_05_59_19.928_Imedea
21.458064592982627
22.950473498143438
25.53859442523927
23.63647668725585
21.317675572803726
13.799375803680453
28.786375945175514
27.004024393107528
22.986411454412266
16.384825327982966
Imagen: OPMM_Subasta_2025-05-31_05_59_25.228_Imedea
17.909326512162508
20.473148637855598
12.973313380374996
8.039024093958119
15.320435119280038
12.824947526341356
13.87530836647094
11.075379792524004
10.467513469074218
10.871493371907853
17.29249380520462
10.495210806509748
13.564865940520459
Imagen: OPMM_Subasta_2025-05-31_06_00_17.628_Imedea
45.78291637709709
42.91045776522237
60.5662865056421
43.43114411949893
61.336481354928644
38.35129398856402
60.690292830235066
