Imagen: OPMM_Subasta_2025-05-30_04_55_15.945_Imedea
18.7764580405658
11.997409765213487
11.181330751910087
16.71521022541509
28.245780684008427
12.625554475490919
37.0486150665451
Imagen: OPMM_Subasta_2025-05-30_04_57_07.846_Imedea
28.573593547442705
19.79376220274032
11.86728987049565
23.75448967000398
11.586984805704285
Imagen: OPMM_Subasta_2025-05-30_04_57_22.647_Imedea
4.478335188631123
8.525669686468465
7.543337681998844
7.38250455914727
8.467546218894322
13.010493282836245
5.9478395450725
9.864361280522385
8.473997861250298
9.580709934813306
9.898311942542993
10.171306879973555
10.871493371907853
6.870826823398282
9.526993325399118
8.077097310645302
12.522574581582768
10.212468372778863
Imagen: OPMM_Subasta_2025-05-30_04_57_26.947_Imedea
14.111576502115687
9.373117801535749
9.167040998297681
6.109194669580765
13.738729435242723
14.234038544820644
3.1497416347444505
12.302848545586139
7.131233075232458
9.486771722436776
12.120732568499058
Imagen: OPMM_Subasta_2025-05-30_04_57_32.147_Imedea
14.433787091740436
12.714045538778203
15.273333269841352
5.042985729120322
18.449689732944933
Imagen: OPMM_Subasta_2025-05-30_04_57_34.347_Imedea
11.394234702580468
26.22096088658755
10.178163295563714
21.186339013344146
11.93952054662542
Imagen: OPMM_Subasta_2025-05-30_04_57_38.647_Imedea
13.837324793049811
8.622834991639374
15.218442004637822
13.936153939331968
23.319721042002776
17.546580817889524
10.185021244900696
27.90005625979575
12.551968831069223
Imagen: OPMM_Subasta_2025-05-30_05_13_12.855_Imedea
20.70708375219705
23.78175113488082
30.054369017111675
22.94149192639615
15.84172093232221
13.24927930101295
18.291186221003347
27.03247089145019
23.031360144130442
Imagen: OPMM_Subasta_2025-05-30_05_13_15.955_Imedea
44.43400307139599
Imagen: OPMM_Subasta_2025-05-30_05_13_34.155_Imedea
7.736598154679889
15.312581467608675
17.834928188360106
11.586984805704285
11.608467670758074
17.571235119946923
9.226712979560546
16.06461584859453
6.780746718709104
23.86359778696786
15.09322291424026
22.995398860032633
15.399045123963923
18.516563767057463
Imagen: OPMM_Subasta_2025-05-30_05_13_40.455_Imedea
30.054369017111675
48.083616226400615
57.33533797437477
32.06028872624999
35.625762077834615
38.74607175134118
42.932572131934904
38.62856521727094
37.87297138382085
Imagen: OPMM_Subasta_2025-05-30_04_55_36.146_Imedea
13.685736659605597
12.00465245147112
15.09322291424026
22.50282779742769
20.525057934799467
17.909326512162508
16.52960267817051
Imagen: OPMM_Subasta_2025-05-30_05_13_44.855_Imedea
22.32459081021004
13.716009920402254
16.06461584859453
13.226831915218485
20.611670348533355
Imagen: OPMM_Subasta_2025-05-30_05_15_08.456_Imedea
35.90676658586892
34.880010180473924
30.300287203566583
42.78889638807937
40.01402137857719
31.210973702926
Imagen: OPMM_Subasta_2025-05-30_05_15_44.556_Imedea
18.944768861855685
25.57582947609713
32.73506364451069
22.896601579255353
23.727238588033934
13.167034037163647
22.771064013186898
22.1024573364951
17.341575859382694
Imagen: OPMM_Subasta_2025-05-30_05_17_24.357_Imedea
17.05591606770958
16.836628792294018
19.9821930872997
20.62900735676347
18.499837728461525
20.915765554658165
16.674802247881004
13.99708783593087
10.219333985648476
22.031530522048723
22.395829132843247
6.412631821915752
Imagen: OPMM_Subasta_2025-05-30_05_17_39.257_Imedea
15.054162440677294
10.969764268906411
10.226201130185915
10.370764370597897
10.246811750349654
16.008795226742645
16.71521022541509
11.103600627944244
Imagen: OPMM_Subasta_2025-05-30_05_17_42.457_Imedea
13.301705651454835
13.107326183827439
11.737641923935922
11.80240679507067
15.778226809668627
16.17645042478803
22.38692022236065
Imagen: OPMM_Subasta_2025-05-30_05_17_49.958_Imedea
11.3231186364093
23.319721042002776
12.222606439421613
22.280105137624776
16.08057644227399
15.897347692762589
16.51349543281491
12.750977332143712
9.47337708093464
12.011896588732187
10.515999749975165
15.210605752824614
8.700830007734712
12.839758603593106
16.933973487844085
13.852514074117057
8.73339668277135
17.579455774217166
Imagen: OPMM_Subasta_2025-05-30_05_17_52.158_Imedea
18.274528068427053
13.49703276459339
21.616367494864225
31.949951395003758
19.529254030852865
21.30891142129993
15.62776800179118
36.69116947238234
23.419119890051757
18.091621353071137
22.146825013748273
Imagen: OPMM_Subasta_2025-05-30_05_18_05.858_Imedea
13.587502076000806
10.356967434921383
9.864361280522385
14.758403606127137
18.93634148300853
16.87716643841636
19.751019727606966
16.408925512639584
13.670608359125522
15.038547662749261
13.731154876596907
Imagen: OPMM_Subasta_2025-05-30_05_18_13.258_Imedea
39.92763103159874
49.990490445732924
35.37659637989525
52.807708351037306
58.04280404593759
45.46697311515923
66.49744998368553
27.26991132776543
10.60624282456604
Imagen: OPMM_Subasta_2025-05-30_04_55_39.346_Imedea
16.610217059483624
22.11132850870384
27.708598816247886
10.913573518680927
16.22445832191756
11.881724362228086
12.375947029463225
Imagen: OPMM_Subasta_2025-05-30_05_18_46.058_Imedea
30.695137536718015
27.508040127232032
19.956463078403036
22.50282779742769
23.527714957193975
22.280105137624776
15.809963288746099
25.250634269109568
19.418683330671474
Imagen: OPMM_Subasta_2025-05-30_05_19_01.858_Imedea
25.417704970149163
15.651492824669937
28.111164355629256
18.04184380914642
28.922055554069583
12.368630713334385
17.94242542363041
19.512229590502624
8.345275489672519
13.084958976385744
23.103338656271085
22.699431208334694
14.172763610714947
Imagen: OPMM_Subasta_2025-05-30_05_19_05.158_Imedea
20.828730385360473
28.902659787109137
19.947888854947674
8.358118270470342
Imagen: OPMM_Subasta_2025-05-30_05_19_08.258_Imedea
17.407090400333797
9.57398987641339
15.525098620437271
17.423481846535967
20.22286984273671
6.400871094254708
9.339776819307943
12.522574581582768
21.889904152837108
15.179274148598136
3.2854120922569807
Imagen: OPMM_Subasta_2025-05-30_05_19_19.958_Imedea
11.716079938951808
12.943594902628192
10.495210806509748
16.73947059278954
13.137168848821284
17.47268690553335
15.304729153002526
11.401354436014236
29.779731693943493
8.890277752778704
27.584386396900086
12.69190353989877
Imagen: OPMM_Subasta_2025-05-30_05_29_40.364_Imedea
17.374322877841664
7.493728057756289
16.11251341098836
20.55102894372774
10.794486751766986
9.186917374931566
7.799285676294332
22.33349147928298
6.697028798120623
6.613656891749487
8.032684366286077
14.012335095490041
12.847166270229819
12.354002390902751
12.787944672851964
Imagen: OPMM_Subasta_2025-05-30_05_30_00.664_Imedea
8.916514631206372
8.779057834216585
9.688443491821475
15.45415154592708
11.594144292756829
11.615631561097848
9.120718406137625
8.467546218894322
15.556665266482721
5.075607670248124
10.474435525224031
6.062946987742317
12.632920890986258
Imagen: OPMM_Subasta_2025-05-30_05_30_03.864_Imedea
10.267436143093445
13.489502716484937
10.955707601124052
15.022938265632474
11.494045207020537
6.7747554231091405
9.905106720924348
11.252150548536486
Imagen: OPMM_Subasta_2025-05-30_05_30_09.164_Imedea
38.212907247128136
27.089393709357413
57.822937442627
54.40281786657891
75.27200928241471
45.68128398330654
21.766230072038162
30.28058927406771
34.06780386260474
Imagen: OPMM_Subasta_2025-05-30_05_30_19.664_Imedea
13.753882712346561
16.77993048823062
14.704134540791346
6.495157294632128
9.286513359560061
14.696387236877516
7.265702575963396
6.207857528183118
16.457161147774947
6.9733935828437135
5.322485466403856
14.218711584619673
17.604125394972442
9.153798023036654
11.245061890586976
12.048139029801835
17.047777528213658
Imagen: OPMM_Subasta_2025-05-30_04_55_47.646_Imedea
10.426013050736033
9.627794149727505
16.78802635789701
10.412191745527448
19.003795357129285
19.206634095764237
11.961218109282303
14.944972058013924
10.969764268906411
14.019960791693626
Imagen: OPMM_Subasta_2025-05-30_05_30_28.064_Imedea
16.682881245593464
21.572355724733104
17.29249380520462
19.648563031425205
11.925062772653066
13.37671957121781
17.9175993377579
11.330223589149549
Imagen: OPMM_Subasta_2025-05-30_05_30_33.364_Imedea
8.962490887494333
12.427201440789947
10.668868596979806
14.14215907025429
14.012335095490041
12.09167778084656
9.7154393144638
7.015773387039398
8.461096208105074
17.612351153870932
9.91870092080737
5.776557768819569
Imagen: OPMM_Subasta_2025-05-30_05_38_03.968_Imedea
13.49703276459339
21.203834981506258
14.89825702366844
11.330223589149549
11.672995475843111
9.14056140537302
25.380546543072132
15.540879282593991
11.330223589149549
11.230889024676767
9.966329335760022
6.1845955492131335
17.793640236998773
14.081015922287824
18.533294823157767
16.0247373929566
Imagen: OPMM_Subasta_2025-05-30_05_57_44.377_Imedea
14.696387236877516
23.040353379793693
13.769041534154963
17.41528548319071
7.969378502389565
22.26231911883648
15.786158944484976
30.744613054968507
10.446756418185464
16.41696152052439
9.193546009266239
Imagen: OPMM_Subasta_2025-05-30_05_57_47.577_Imedea
21.872222187291527
13.617703074755168
14.326115340663794
21.212584763479168
13.24927930101295
9.233351130656661
13.860110789056005
16.650573051509728
25.510679958799955
14.426087379172985
11.72326580476642
25.49207594595875
11.831229137318775
6.967346287231732
Imagen: OPMM_Subasta_2025-05-30_05_57_52.877_Imedea
42.56816924566566
46.519150258255934
43.12069689759304
34.11902078429653
47.83123167758826
33.16042992343665
48.2559492495447
32.19085010072298
47.29352612566992
48.532107481922544
30.665464926256405
44.27750404040498
48.049174191335155
50.26989923297111
40.71823614736222
38.39390792662131
37.79874493750553
27.051440746994874
43.797976273771205
35.08663782618421
37.16450532939459
Imagen: OPMM_Subasta_2025-05-30_05_58_00.277_Imedea
14.867140653202883
12.68452572146231
15.273333269841352
16.40089081111105
13.055155768706207
8.870616945868164
Imagen: OPMM_Subasta_2025-05-30_05_59_23.577_Imedea
17.975544618656446
14.426087379172985
13.1819750722207
12.011896588732187
15.651492824669937
20.49909783129591
10.794486751766986
11.744832176688622
15.540879282593991
10.246811750349654
12.72142905200154
10.529866631233348
8.19167463709146
Imagen: OPMM_Subasta_2025-05-30_05_59_33.177_Imedea
17.958982486484523
12.427201440789947
12.943594902628192
18.399586949908265
20.637677675452103
12.58874380297164
6.572101149288749
15.984891857256013
14.372227600503301
13.519631277779109
Imagen: OPMM_Subasta_2025-05-30_05_59_39.777_Imedea
12.559320967716491
21.10766651998871
52.511861619810496
11.651473014027324
13.579955305304347
11.436975242416326
16.537658255670795
5.930636695035776
15.833779538037078
16.489344342097056
15.945079269042747
48.26744539393041
Imagen: OPMM_Subasta_2025-05-30_04_56_04.746_Imedea
12.324762993345546
16.8204227981514
10.878502981200945
19.97361519475557
13.3692118785367
7.0582383535235245
11.946751614246974
11.881724362228086
9.466682116763518
21.616367494864225
12.157083593068615
Imagen: OPMM_Subasta_2025-05-30_06_00_03.978_Imedea
30.300287203566583
28.9996818051621
25.08392976001038
33.22134522996453
Imagen: OPMM_Subasta_2025-05-30_06_00_05.978_Imedea
11.93952054662542
12.677149327417832
10.308726209131919
10.377665124781016
7.543337681998844
7.198363579942769
Imagen: OPMM_Subasta_2025-05-30_06_00_09.178_Imedea
12.728813988227147
8.824797967846182
13.700870514051893
19.452682882319994
13.077506059400099
9.200176230687907
Imagen: OPMM_Subasta_2025-05-30_06_00_17.678_Imedea
15.257643356649822
26.16465094241274
14.28772605649983
19.401690961034756
24.173637379760606
20.145405153552524
19.232039171723763
Imagen: OPMM_Subasta_2025-05-30_06_00_21.978_Imedea
28.06313886179756
37.43890496896812
32.88677083259014
29.74056616375888
23.872697620797528
25.30628385493343
39.313897444588555
Imagen: OPMM_Subasta_2025-05-30_06_00_36.778_Imedea
36.859235845803184
31.141368093354238
20.525057934799467
17.777133953987786
12.048139029801835
21.449281319114604
33.628394410747006
26.108381202945893
Imagen: OPMM_Subasta_2025-05-30_06_00_39.878_Imedea
10.343176598437896
14.165110416567664
11.874506388198016
9.850791863005464
3.659606203538526
13.746305380578226
2.4321372167740067
10.239940012881831
8.942777165441477
11.3231186364093
9.627794149727505
9.386465234702627
11.594144292756829
8.969065330142865
7.811843322325483
11.852861205264297
7.887329886026335
Imagen: OPMM_Subasta_2025-05-30_06_00_44.178_Imedea
22.09358734622593
21.836872490755834
8.499820737996515
36.136274531952196
19.376211668399556
Imagen: OPMM_Subasta_2025-05-30_06_00_48.478_Imedea
28.053537034985386
25.426997396562285
28.390249191981862
26.230349784035035
26.937687911769345
18.709273461868708
31.55977459663351
29.632949232600126
26.84301552455312
18.050136904179617
33.028574159021474
Imagen: OPMM_Subasta_2025-05-30_06_02_26.879_Imedea
42.53509287500548
40.64220180826694
38.25547009226248
33.648790037929075
40.750836733075126
58.94960491832091
48.003264225184616
56.04984917247346
66.07592567175695
50.912157723021764
54.45067487937157
63.1377388623306
57.53021324224198
50.304861670661495
59.94751957182886
48.072134637672306
47.77393307717073
43.909339610725816
41.503035912489544
40.729102046804336
34.07804520332327
35.407710331969305
48.54362542488889
48.33644134899624
58.29966496957345
57.29882330743651
Imagen: OPMM_Subasta_2025-05-30_04_56_32.546_Imedea
9.641260852057888
22.306793006146364
18.407934272239572
18.008684084675654
14.410692046667522
14.781682087710296
Imagen: OPMM_Subasta_2025-05-30_06_02_32.179_Imedea
35.200455619649915
25.603767581122927
32.37191796206278
33.119840344250434
29.096811708484125
30.03472431946927
15.976926702931577
18.50820012047625
37.936632518761925
31.49988879514237
25.98660149729927
30.418564045544638
34.92130328875556
25.84632153759838
23.65461982746692
19.469690061430157
16.17645042478803
33.98590993811989
15.572456570288386
22.191222219590028
31.220921572498074
46.883033695153784
21.466849060599596
24.45747618722714
36.14671824185958
Imagen: OPMM_Subasta_2025-05-30_06_02_35.279_Imedea
26.11775669962948
26.080261419067597
27.23187454752721
31.002311752505573
27.27942327659449
17.210793086284596
32.4726568173717
19.768113036508783
28.592915736822125
25.2970060996884
31.80970483552868
Imagen: OPMM_Subasta_2025-05-30_06_02_41.579_Imedea
7.711570211391539
14.719633214596811
15.532988286185613
11.716079938951808
13.52716690425676
8.332439267116069
10.668868596979806
6.661255527331272
5.135595630262737
6.732865622314753
10.267436143093445
12.478526129663578
Imagen: OPMM_Subasta_2025-05-30_06_02_46.979_Imedea
16.28052719739173
22.200105202440305
27.81384624835581
19.827978262274485
22.06698446865025
17.194468362917654
21.37905812285393
22.38692022236065
25.102434374368002
28.689591703156857
18.191312932489833
16.168453701549986
22.146825013748273
18.550030895239946
23.55488977516233
5.833466976119369
24.751622586854804
15.730661805764536
Imagen: OPMM_Subasta_2025-05-30_06_02_53.479_Imedea
41.011953014690555
23.238499178281383
34.93162909996316
26.928215694230452
32.492817055313495
21.563556944914215
21.029091256740383
22.013810647409095
21.74858134455545
27.27942327659449
24.38412218861389
20.542370729323885
30.487629484219106
33.15028098138147
Imagen: OPMM_Subasta_2025-05-30_06_03_07.279_Imedea
34.31387787935114
13.678171814990797
24.2376338289799
17.333392310046285
25.94916886316567
19.44418114331451
18.919490460389625
17.104774376768916
29.603621645869886
22.67258823039318
19.674160617778913
15.28902853590792
21.845708135167474
20.559688369330665
16.00082611938213
18.944768861855685
16.32061569277456
18.751254454523075
21.792712073181136
Imagen: OPMM_Subasta_2025-05-30_06_03_11.479_Imedea
33.98590993811989
29.720989816669796
31.80970483552868
25.96788294096516
25.464178376635616
27.19385539761569
64.04483734618577
41.8205382867247
34.41658212427461
29.769938707192185
Imagen: OPMM_Subasta_2025-05-30_06_16_49.485_Imedea
22.08471853805569
30.823828887871187
47.37348196784305
29.78952574996791
33.07926727311994
28.457751521132145
35.03494293538287
15.391178114289733
18.050136904179617
26.578522308318334
29.44737078212741
51.67467214812173
38.11719837976653
17.25162738877711
Imagen: OPMM_Subasta_2025-05-30_06_17_35.986_Imedea
24.530903299855936
16.966463100819013
16.272513426876337
10.212468372778863
16.707126032536404
7.686569206509825
20.28318835807438
18.07502377955015
25.241363293098267
14.642194081025535
20.933187042641848
9.466682116763518
30.310137762971692
9.29316575996314
4.016709194935138
11.033093270441675
18.60026919217426
17.145525063156022
11.486906304987764
4.379497719238448
Imagen: OPMM_Subasta_2025-05-30_06_17_41.386_Imedea
39.52888302959204
56.94624664314244
44.16583130774974
46.2581910796658
32.866529754964944
52.33461863188483
48.57818469770708
44.78118831117472
20.429924239324077
46.65549622578277
77.79072442420485
45.19674333389873
Imagen: OPMM_Subasta_2025-05-30_04_56_38.946_Imedea
19.802314378205768
23.085337038298515
35.94845918548866
27.03247089145019
27.317482083117348
21.739758763283593
Imagen: OPMM_Subasta_2025-05-30_06_20_54.788_Imedea
46.894420213057295
53.73428868652935
50.45645878613043
44.35573064113912
71.08786632871777
62.32252848528851
40.08966376614464
56.279554549751765
37.77754626251923
Imagen: OPMM_Subasta_2025-05-30_06_20_57.988_Imedea
15.210605752824614
23.040353379793693
20.128204186424497
12.00465245147112
11.436975242416326
11.436975242416326
11.14597656115305
18.291186221003347
12.973313380374996
9.932301309140728
5.433452168705961
Imagen: OPMM_Subasta_2025-05-30_06_21_11.688_Imedea
22.13794911537422
15.124495478638702
12.412550147826412
11.961218109282303
12.27364943050557
23.085337038298515
17.186307930117344
12.537268846342458
9.749219143107883
15.905299655935853
Imagen: OPMM_Subasta_2025-05-30_04_56_43.346_Imedea
Imagen: OPMM_Subasta_2025-05-30_04_57_01.246_Imedea
12.943594902628192
13.159565629454262
15.054162440677294
11.501185581403748
19.9821930872997
17.801895285514757
11.372884363549053
18.995359268747038
21.133879887102964
11.486906304987764
14.081015922287824
